# unix_time, cycles_done, cur_path, paths_total, pending_total, pending_favs, map_size, unique_crashes, unique_hangs, max_depth, execs_per_sec, valid_inputs, invalid_inputs, valid_cov
1578789733, 0, 0, 1, 0, 0, 0.00%, 0, 0, 0, 0.24, 0, 1, 0.00%
1578789733, 0, 0, 2, 0, 0, 0.01%, 0, 0, 0, 193.33, 0, 59, 0.00%
1578789733, 0, 0, 2, 0, 0, 0.01%, 0, 0, 0, 225.91, 0, 127, 0.00%
1578789734, 0, 0, 2, 0, 0, 0.01%, 0, 0, 0, 409.09, 0, 253, 0.00%
1578789734, 0, 0, 2, 0, 0, 0.01%, 0, 0, 0, 650.00, 0, 448, 0.00%
1578789734, 0, 0, 2, 0, 0, 0.01%, 0, 0, 0, 827.81, 0, 698, 0.00%
1578789735, 0, 0, 2, 0, 0, 0.01%, 0, 0, 0, 730.26, 0, 920, 0.00%
1578789735, 0, 0, 2, 0, 0, 0.01%, 0, 0, 0, 934.64, 0, 1206, 0.00%
1578789735, 0, 0, 2, 0, 0, 0.01%, 0, 0, 0, 306.49, 0, 1324, 0.00%
1578789736, 0, 0, 2, 0, 0, 0.01%, 0, 0, 0, 955.27, 0, 1623, 0.00%
1578789736, 0, 0, 2, 0, 0, 0.01%, 0, 0, 0, 906.98, 0, 1896, 0.00%
1578789736, 0, 0, 2, 0, 0, 0.01%, 0, 0, 0, 807.58, 0, 2173, 0.00%
1578789737, 0, 0, 2, 0, 0, 0.01%, 0, 0, 0, 931.82, 0, 2460, 0.00%
1578789737, 0, 0, 2, 0, 0, 0.01%, 0, 0, 0, 987.01, 0, 2764, 0.00%
1578789737, 0, 0, 2, 0, 0, 0.01%, 0, 0, 0, 1083.33, 0, 3089, 0.00%
1578789737, 0, 0, 2, 0, 0, 0.01%, 0, 0, 0, 1303.33, 0, 3480, 0.00%
1578789738, 0, 0, 2, 0, 0, 0.01%, 0, 0, 0, 1118.81, 0, 3819, 0.00%
1578789738, 0, 0, 2, 0, 0, 0.01%, 0, 0, 0, 1160.66, 0, 4173, 0.00%
1578789738, 0, 0, 2, 0, 0, 0.01%, 0, 0, 0, 1298.19, 0, 4604, 0.00%
1578789739, 0, 0, 2, 0, 0, 0.01%, 0, 0, 0, 1750.00, 0, 5150, 0.00%
1578789739, 0, 0, 2, 0, 0, 0.01%, 0, 0, 0, 1503.33, 0, 5601, 0.00%
1578789739, 0, 0, 2, 0, 0, 0.01%, 0, 0, 0, 1825.08, 0, 6154, 0.00%
1578789740, 0, 0, 2, 0, 0, 0.01%, 0, 0, 0, 2210.00, 0, 6817, 0.00%
1578789740, 0, 0, 2, 0, 0, 0.01%, 0, 0, 0, 1401.99, 0, 7239, 0.00%
1578789740, 0, 0, 2, 0, 0, 0.01%, 0, 0, 0, 1146.67, 0, 7583, 0.00%
1578789741, 0, 0, 2, 0, 0, 0.01%, 0, 0, 0, 1233.33, 0, 7953, 0.00%
1578789741, 0, 0, 2, 0, 0, 0.01%, 0, 0, 0, 1860.00, 0, 8511, 0.00%
1578789741, 0, 0, 2, 0, 0, 0.01%, 0, 0, 0, 2026.67, 0, 9119, 0.00%
1578789741, 0, 0, 2, 0, 0, 0.01%, 0, 0, 0, 1613.33, 0, 9603, 0.00%
1578789742, 0, 0, 2, 0, 0, 0.01%, 0, 0, 0, 2027.69, 0, 10262, 0.00%
1578789742, 0, 0, 2, 0, 0, 0.01%, 0, 0, 0, 1254.97, 0, 10641, 0.00%
1578789742, 0, 0, 2, 0, 0, 0.01%, 0, 0, 0, 2170.49, 0, 11303, 0.00%
1578789743, 0, 0, 2, 0, 0, 0.01%, 0, 0, 0, 1473.33, 0, 11745, 0.00%
1578789743, 0, 0, 2, 0, 0, 0.01%, 0, 0, 0, 2206.67, 0, 12407, 0.00%
1578789743, 0, 0, 2, 0, 0, 0.01%, 0, 0, 0, 2843.85, 0, 13263, 0.00%
1578789744, 0, 0, 2, 0, 0, 0.01%, 0, 0, 0, 1984.33, 0, 13896, 0.00%
1578789744, 0, 0, 2, 0, 0, 0.01%, 0, 0, 0, 1703.95, 0, 14414, 0.00%
1578789744, 0, 0, 2, 0, 0, 0.01%, 0, 0, 0, 2503.33, 0, 15165, 0.00%
1578789745, 0, 0, 2, 0, 0, 0.01%, 0, 0, 0, 1869.43, 0, 15752, 0.00%
1578789745, 0, 0, 2, 0, 0, 0.01%, 0, 0, 0, 2876.67, 0, 16615, 0.00%
1578789745, 0, 0, 2, 0, 0, 0.01%, 0, 0, 0, 4856.67, 0, 18072, 0.00%
1578789745, 0, 0, 2, 0, 0, 0.01%, 0, 0, 0, 4916.94, 0, 19552, 0.00%
1578789746, 0, 0, 2, 0, 0, 0.01%, 0, 0, 0, 4850.00, 0, 21007, 0.00%
1578789746, 0, 0, 2, 0, 0, 0.01%, 0, 0, 0, 5166.67, 0, 22557, 0.00%
1578789746, 0, 0, 2, 0, 0, 0.01%, 0, 0, 0, 5640.00, 0, 24249, 0.00%
1578789747, 0, 0, 2, 0, 0, 0.01%, 0, 0, 0, 6070.00, 0, 26070, 0.00%
1578789747, 0, 0, 2, 0, 0, 0.01%, 0, 0, 0, 6373.33, 0, 27982, 0.00%
1578789747, 0, 0, 2, 0, 0, 0.01%, 0, 0, 0, 5960.00, 0, 29770, 0.00%
1578789748, 0, 0, 2, 0, 0, 0.01%, 0, 0, 0, 4891.80, 0, 31262, 0.00%
1578789748, 0, 0, 2, 0, 0, 0.01%, 0, 0, 0, 4833.33, 0, 32712, 0.00%
1578789748, 0, 0, 2, 0, 0, 0.01%, 0, 0, 0, 2433.33, 0, 33442, 0.00%
1578789748, 0, 0, 2, 0, 0, 0.01%, 0, 0, 0, 1452.23, 0, 33898, 0.00%
1578789749, 0, 0, 2, 0, 0, 0.01%, 0, 0, 0, 4416.67, 0, 35223, 0.00%
1578789749, 0, 0, 2, 0, 0, 0.01%, 0, 0, 0, 3521.34, 0, 36378, 0.00%
1578789749, 0, 0, 2, 0, 0, 0.01%, 0, 0, 0, 1534.20, 0, 36849, 0.00%
1578789750, 0, 0, 2, 0, 0, 0.01%, 0, 0, 0, 2865.44, 0, 37786, 0.00%
1578789750, 0, 0, 2, 0, 0, 0.01%, 0, 0, 0, 6410.00, 0, 39709, 0.00%
1578789750, 0, 0, 2, 0, 0, 0.01%, 0, 0, 0, 2242.72, 0, 40402, 0.00%
1578789751, 0, 0, 2, 0, 0, 0.01%, 0, 0, 0, 5330.00, 0, 42001, 0.00%
1578789751, 0, 0, 2, 0, 0, 0.01%, 0, 0, 0, 6383.33, 0, 43916, 0.00%
1578789751, 0, 0, 2, 0, 0, 0.01%, 0, 0, 0, 3176.12, 0, 44980, 0.00%
1578789752, 0, 0, 2, 0, 0, 0.01%, 0, 0, 0, 2790.00, 0, 45817, 0.00%
1578789752, 0, 0, 2, 0, 0, 0.01%, 0, 0, 0, 3223.30, 0, 46813, 0.00%
1578789752, 0, 0, 2, 0, 0, 0.01%, 0, 0, 0, 1799.42, 0, 47432, 0.00%
1578789752, 0, 0, 2, 0, 0, 0.01%, 0, 0, 0, 5120.00, 0, 48968, 0.00%
1578789753, 0, 0, 2, 0, 0, 0.01%, 0, 0, 0, 6716.67, 0, 50983, 0.00%
1578789753, 0, 0, 2, 0, 0, 0.01%, 0, 0, 0, 4510.64, 0, 52467, 0.00%
1578789753, 0, 0, 2, 0, 0, 0.01%, 0, 0, 0, 1633.44, 0, 52975, 0.00%
1578789754, 0, 0, 2, 0, 0, 0.01%, 0, 0, 0, 3696.67, 0, 54084, 0.00%
1578789754, 0, 0, 2, 0, 0, 0.01%, 0, 0, 0, 3233.33, 0, 55054, 0.00%
1578789754, 0, 0, 2, 0, 0, 0.01%, 0, 0, 0, 3443.33, 0, 56087, 0.00%
1578789755, 0, 0, 2, 0, 0, 0.01%, 0, 0, 0, 4679.49, 0, 57547, 0.00%
1578789755, 0, 0, 2, 0, 0, 0.01%, 0, 0, 0, 1663.33, 0, 58046, 0.00%
1578789755, 0, 0, 2, 0, 0, 0.01%, 0, 0, 0, 4146.67, 0, 59290, 0.00%
1578789756, 0, 0, 2, 0, 0, 0.01%, 0, 0, 0, 5363.33, 0, 60899, 0.00%
1578789756, 0, 0, 2, 0, 0, 0.01%, 0, 0, 0, 4876.67, 0, 62362, 0.00%
1578789756, 0, 0, 2, 0, 0, 0.01%, 0, 0, 0, 5986.67, 0, 64158, 0.00%
1578789756, 0, 0, 2, 0, 0, 0.01%, 0, 0, 0, 6266.67, 0, 66038, 0.00%
1578789757, 0, 0, 2, 0, 0, 0.01%, 0, 0, 0, 6496.67, 0, 67987, 0.00%
1578789757, 0, 0, 2, 0, 0, 0.01%, 0, 0, 0, 6013.33, 0, 69791, 0.00%
1578789757, 0, 0, 2, 0, 0, 0.01%, 0, 0, 0, 5703.33, 0, 71502, 0.00%
1578789758, 0, 0, 2, 0, 0, 0.01%, 0, 0, 0, 4006.67, 0, 72704, 0.00%
1578789758, 0, 0, 2, 0, 0, 0.01%, 0, 0, 0, 6476.67, 0, 74647, 0.00%
1578789758, 0, 0, 2, 0, 0, 0.01%, 0, 0, 0, 4833.33, 0, 76097, 0.00%
1578789759, 0, 0, 2, 0, 0, 0.01%, 0, 0, 0, 6256.67, 0, 77974, 0.00%
1578789759, 0, 0, 2, 0, 0, 0.01%, 0, 0, 0, 5486.67, 0, 79620, 0.00%
1578789759, 0, 0, 2, 0, 0, 0.01%, 0, 0, 0, 3619.05, 0, 80760, 0.00%
1578789759, 0, 0, 2, 0, 0, 0.01%, 0, 0, 0, 3370.49, 0, 81788, 0.00%
1578789760, 0, 0, 2, 0, 0, 0.01%, 0, 0, 0, 4776.67, 0, 83221, 0.00%
1578789760, 0, 0, 2, 0, 0, 0.01%, 0, 0, 0, 6786.67, 0, 85257, 0.00%
1578789760, 0, 0, 2, 0, 0, 0.01%, 0, 0, 0, 4446.67, 0, 86591, 0.00%
1578789761, 0, 0, 2, 0, 0, 0.01%, 0, 0, 0, 6413.33, 0, 88515, 0.00%
1578789761, 0, 0, 2, 0, 0, 0.01%, 0, 0, 0, 6343.33, 0, 90418, 0.00%
1578789761, 0, 0, 2, 0, 0, 0.01%, 0, 0, 0, 5471.12, 0, 92218, 0.00%
1578789762, 0, 0, 2, 0, 0, 0.01%, 0, 0, 0, 3349.83, 0, 93233, 0.00%
1578789762, 0, 0, 2, 0, 0, 0.01%, 0, 0, 0, 3360.66, 0, 94258, 0.00%
1578789762, 0, 0, 2, 0, 0, 0.01%, 0, 0, 0, 3391.59, 0, 95306, 0.00%
1578789762, 0, 0, 2, 0, 0, 0.01%, 0, 0, 0, 3350.00, 0, 96311, 0.00%
1578789763, 0, 0, 2, 0, 0, 0.01%, 0, 0, 0, 3309.21, 0, 97317, 0.00%
1578789763, 0, 0, 2, 0, 0, 0.01%, 0, 0, 0, 3446.67, 0, 98351, 0.00%
1578789763, 0, 0, 2, 0, 0, 0.01%, 0, 0, 0, 3343.33, 0, 99354, 0.00%
1578789764, 0, 0, 2, 0, 0, 0.01%, 0, 0, 0, 3280.00, 0, 100338, 0.00%
1578789764, 0, 0, 2, 0, 0, 0.01%, 0, 0, 0, 3298.41, 0, 101377, 0.00%
1578789764, 0, 0, 2, 0, 0, 0.01%, 0, 0, 0, 1385.11, 0, 101805, 0.00%
1578789765, 0, 0, 2, 0, 0, 0.01%, 0, 0, 0, 3023.26, 0, 102715, 0.00%
1578789765, 0, 0, 2, 0, 0, 0.01%, 0, 0, 0, 3546.67, 0, 103779, 0.00%
1578789765, 0, 0, 2, 0, 0, 0.01%, 0, 0, 0, 2625.00, 0, 104577, 0.00%
1578789766, 0, 0, 2, 0, 0, 0.01%, 0, 0, 0, 3291.26, 0, 105594, 0.00%
1578789766, 0, 0, 2, 0, 0, 0.01%, 0, 0, 0, 3339.87, 0, 106616, 0.00%
1578789766, 0, 0, 2, 0, 0, 0.01%, 0, 0, 0, 3270.00, 0, 107597, 0.00%
1578789766, 0, 0, 2, 0, 0, 0.01%, 0, 0, 0, 3506.67, 0, 108649, 0.00%
1578789767, 0, 0, 2, 0, 0, 0.01%, 0, 0, 0, 3503.33, 0, 109700, 0.00%
1578789767, 0, 0, 2, 0, 0, 0.01%, 0, 0, 0, 3300.00, 0, 110690, 0.00%
1578789767, 0, 0, 2, 0, 0, 0.01%, 0, 0, 0, 3233.33, 0, 111660, 0.00%
1578789768, 0, 0, 2, 0, 0, 0.01%, 0, 0, 0, 3099.01, 0, 112599, 0.00%
1578789768, 0, 0, 2, 0, 0, 0.01%, 0, 0, 0, 3496.67, 0, 113648, 0.00%
1578789768, 0, 0, 2, 0, 0, 0.01%, 0, 0, 0, 3421.05, 0, 114688, 0.00%
1578789769, 0, 0, 2, 0, 0, 0.01%, 0, 0, 0, 3356.67, 0, 115695, 0.00%
1578789769, 0, 0, 2, 0, 0, 0.01%, 0, 0, 0, 3119.21, 0, 116637, 0.00%
1578789769, 0, 0, 2, 0, 0, 0.01%, 0, 0, 0, 3393.33, 0, 117655, 0.00%
1578789769, 0, 0, 2, 0, 0, 0.01%, 0, 0, 0, 3356.67, 0, 118662, 0.00%
1578789770, 0, 0, 2, 0, 0, 0.01%, 0, 0, 0, 3430.00, 0, 119691, 0.00%
1578789770, 0, 0, 2, 0, 0, 0.01%, 0, 0, 0, 3183.54, 0, 120697, 0.00%
1578789770, 0, 0, 2, 0, 0, 0.01%, 0, 0, 0, 2299.34, 0, 121396, 0.00%
1578789771, 0, 0, 2, 0, 0, 0.01%, 0, 0, 0, 3620.00, 0, 122482, 0.00%
1578789771, 0, 0, 2, 0, 0, 0.01%, 0, 0, 0, 3100.32, 0, 123440, 0.00%
1578789771, 0, 0, 2, 0, 0, 0.01%, 0, 0, 0, 3220.78, 0, 124432, 0.00%
1578789772, 0, 0, 2, 0, 0, 0.01%, 0, 0, 0, 3543.33, 0, 125495, 0.00%
1578789772, 0, 0, 2, 0, 0, 0.01%, 0, 0, 0, 3399.34, 0, 126525, 0.00%
1578789772, 0, 0, 2, 0, 0, 0.01%, 0, 0, 0, 3266.67, 0, 127505, 0.00%
1578789772, 0, 0, 2, 0, 0, 0.01%, 0, 0, 0, 3250.00, 0, 128480, 0.00%
1578789773, 0, 0, 2, 0, 0, 0.01%, 0, 0, 0, 3291.26, 0, 129497, 0.00%
1578789773, 0, 0, 2, 0, 0, 0.01%, 0, 0, 0, 3363.33, 0, 130506, 0.00%
1578789773, 0, 0, 2, 0, 0, 0.01%, 0, 0, 0, 2826.67, 0, 131354, 0.00%
1578789774, 0, 0, 2, 0, 0, 0.01%, 0, 0, 0, 3203.33, 0, 132315, 0.00%
1578789774, 0, 0, 2, 0, 0, 0.01%, 0, 0, 0, 3433.33, 0, 133345, 0.00%
1578789774, 0, 0, 2, 0, 0, 0.01%, 0, 0, 0, 3190.16, 0, 134318, 0.00%
1578789775, 0, 0, 2, 0, 0, 0.01%, 0, 0, 0, 3310.00, 0, 135311, 0.00%
1578789775, 0, 0, 2, 0, 0, 0.01%, 0, 0, 0, 3488.45, 0, 136368, 0.00%
1578789775, 0, 0, 2, 0, 0, 0.01%, 0, 0, 0, 3136.81, 0, 137331, 0.00%
1578789776, 0, 0, 2, 0, 0, 0.01%, 0, 0, 0, 3420.00, 0, 138357, 0.00%
1578789776, 0, 0, 2, 0, 0, 0.01%, 0, 0, 0, 3142.38, 0, 139306, 0.00%
1578789776, 0, 0, 2, 0, 0, 0.01%, 0, 0, 0, 3374.59, 0, 140342, 0.00%
1578789776, 0, 0, 2, 0, 0, 0.01%, 0, 0, 0, 3434.64, 0, 141393, 0.00%
1578789777, 0, 0, 2, 0, 0, 0.01%, 0, 0, 0, 2273.33, 0, 142075, 0.00%
1578789777, 0, 0, 2, 0, 0, 0.01%, 0, 0, 0, 3092.41, 0, 143012, 0.00%
1578789777, 0, 0, 2, 0, 0, 0.01%, 0, 0, 0, 3473.86, 0, 144075, 0.00%
1578789778, 0, 0, 2, 0, 0, 0.01%, 0, 0, 0, 2606.67, 0, 144857, 0.00%
1578789778, 0, 0, 2, 0, 0, 0.01%, 0, 0, 0, 3503.33, 0, 145908, 0.00%
1578789778, 0, 0, 2, 0, 0, 0.01%, 0, 0, 0, 3313.33, 0, 146902, 0.00%
1578789779, 0, 0, 2, 0, 0, 0.01%, 0, 0, 0, 3353.33, 0, 147908, 0.00%
1578789779, 0, 0, 2, 0, 0, 0.01%, 0, 0, 0, 3350.00, 0, 148913, 0.00%
1578789779, 0, 0, 2, 0, 0, 0.01%, 0, 0, 0, 3393.33, 0, 149931, 0.00%
1578789779, 0, 0, 2, 0, 0, 0.01%, 0, 0, 0, 3131.58, 0, 150883, 0.00%
1578789780, 0, 0, 2, 0, 0, 0.01%, 0, 0, 0, 2796.30, 0, 151789, 0.00%
1578789780, 0, 0, 2, 0, 0, 0.01%, 0, 0, 0, 3383.33, 0, 152804, 0.00%
1578789780, 0, 0, 2, 0, 0, 0.01%, 0, 0, 0, 3245.10, 0, 153797, 0.00%
1578789781, 0, 0, 2, 0, 0, 0.01%, 0, 0, 0, 3520.00, 0, 154853, 0.00%
1578789781, 0, 0, 2, 0, 0, 0.01%, 0, 0, 0, 3200.00, 0, 155845, 0.00%
1578789781, 0, 0, 2, 0, 0, 0.01%, 0, 0, 0, 3346.67, 0, 156849, 0.00%
1578789782, 0, 0, 2, 0, 0, 0.01%, 0, 0, 0, 3448.84, 0, 157894, 0.00%
1578789782, 0, 0, 2, 0, 0, 0.01%, 0, 0, 0, 3600.00, 0, 158974, 0.00%
1578789782, 0, 0, 2, 0, 0, 0.01%, 0, 0, 0, 3486.67, 0, 160020, 0.00%
1578789782, 0, 0, 2, 0, 0, 0.01%, 0, 0, 0, 3686.67, 0, 161126, 0.00%
1578789783, 0, 0, 2, 0, 0, 0.01%, 0, 0, 0, 3066.04, 0, 162101, 0.00%
1578789783, 0, 0, 2, 0, 0, 0.01%, 0, 0, 0, 2640.00, 0, 162893, 0.00%
1578789783, 0, 0, 2, 0, 0, 0.01%, 0, 0, 0, 3485.05, 0, 163942, 0.00%
1578789784, 0, 0, 2, 0, 0, 0.01%, 0, 0, 0, 3306.93, 0, 164944, 0.00%
1578789784, 0, 0, 2, 0, 0, 0.01%, 0, 0, 0, 3570.00, 0, 166015, 0.00%
1578789784, 0, 0, 2, 0, 0, 0.01%, 0, 0, 0, 3347.40, 0, 167046, 0.00%
1578789785, 0, 0, 2, 0, 0, 0.01%, 0, 0, 0, 3710.53, 0, 168174, 0.00%
1578789785, 0, 0, 2, 0, 0, 0.01%, 0, 0, 0, 3509.93, 0, 169234, 0.00%
1578789785, 0, 0, 2, 0, 0, 0.01%, 0, 0, 0, 3503.33, 0, 170285, 0.00%
1578789786, 0, 0, 2, 0, 0, 0.01%, 0, 0, 0, 3623.33, 0, 171372, 0.00%
1578789786, 0, 0, 2, 0, 0, 0.01%, 0, 0, 0, 3463.58, 0, 172418, 0.00%
1578789786, 0, 0, 2, 0, 0, 0.01%, 0, 0, 0, 3464.29, 0, 173485, 0.00%
1578789786, 0, 0, 2, 0, 0, 0.01%, 0, 0, 0, 3210.53, 0, 174461, 0.00%
1578789787, 0, 0, 2, 0, 0, 0.01%, 0, 0, 0, 3650.00, 0, 175556, 0.00%
1578789787, 0, 0, 2, 0, 0, 0.01%, 0, 0, 0, 3446.67, 0, 176590, 0.00%
1578789787, 0, 0, 2, 0, 0, 0.01%, 0, 0, 0, 3264.03, 0, 177579, 0.00%
1578789788, 0, 0, 2, 0, 0, 0.01%, 0, 0, 0, 3269.48, 0, 178586, 0.00%
1578789788, 0, 0, 2, 0, 0, 0.01%, 0, 0, 0, 3486.67, 0, 179632, 0.00%
1578789788, 0, 0, 2, 0, 0, 0.01%, 0, 0, 0, 3426.67, 0, 180660, 0.00%
1578789789, 0, 0, 2, 0, 0, 0.01%, 0, 0, 0, 3583.33, 0, 181735, 0.00%
1578789789, 0, 0, 2, 0, 0, 0.01%, 0, 0, 0, 3326.67, 0, 182733, 0.00%
1578789789, 0, 0, 2, 0, 0, 0.01%, 0, 0, 0, 3276.67, 0, 183716, 0.00%
1578789789, 0, 0, 2, 0, 0, 0.01%, 0, 0, 0, 3355.99, 0, 184753, 0.00%
1578789790, 0, 0, 2, 0, 0, 0.01%, 0, 0, 0, 3406.67, 0, 185775, 0.00%
1578789790, 0, 0, 2, 0, 0, 0.01%, 0, 0, 0, 3703.33, 0, 186886, 0.00%
1578789790, 0, 0, 2, 0, 0, 0.01%, 0, 0, 0, 2559.60, 0, 187659, 0.00%
1578789791, 0, 0, 2, 0, 0, 0.01%, 0, 0, 0, 3468.85, 0, 188717, 0.00%
1578789791, 0, 0, 2, 0, 0, 0.01%, 0, 0, 0, 3450.00, 0, 189752, 0.00%
1578789791, 0, 0, 2, 0, 0, 0.01%, 0, 0, 0, 3430.92, 0, 190795, 0.00%
1578789792, 0, 0, 2, 0, 0, 0.01%, 0, 0, 0, 3589.58, 0, 191897, 0.00%
1578789792, 0, 0, 2, 0, 0, 0.01%, 0, 0, 0, 1615.64, 0, 192393, 0.00%
1578789792, 0, 0, 2, 0, 0, 0.01%, 0, 0, 0, 1823.33, 0, 192940, 0.00%
1578789793, 0, 0, 2, 0, 0, 0.01%, 0, 0, 0, 1590.48, 0, 193441, 0.00%
1578789793, 0, 0, 2, 0, 0, 0.01%, 0, 0, 0, 1825.40, 0, 194016, 0.00%
1578789793, 0, 0, 2, 0, 0, 0.01%, 0, 0, 0, 2736.67, 0, 194837, 0.00%
1578789793, 0, 0, 2, 0, 0, 0.01%, 0, 0, 0, 3346.67, 0, 195841, 0.00%
1578789794, 0, 0, 2, 0, 0, 0.01%, 0, 0, 0, 3566.67, 0, 196911, 0.00%
1578789794, 0, 0, 2, 0, 0, 0.01%, 0, 0, 0, 3093.33, 0, 197839, 0.00%
1578789794, 0, 0, 2, 0, 0, 0.01%, 0, 0, 0, 3216.83, 0, 198833, 0.00%
1578789795, 0, 0, 2, 0, 0, 0.01%, 0, 0, 0, 3344.26, 0, 199853, 0.00%
1578789795, 0, 0, 2, 0, 0, 0.01%, 0, 0, 0, 3307.19, 0, 200865, 0.00%
1578789795, 0, 0, 2, 0, 0, 0.01%, 0, 0, 0, 3028.21, 0, 201831, 0.00%
1578789796, 0, 0, 2, 0, 0, 0.01%, 0, 0, 0, 3710.00, 0, 202944, 0.00%
1578789796, 0, 0, 2, 0, 0, 0.01%, 0, 0, 0, 3246.67, 0, 203918, 0.00%
1578789796, 0, 0, 2, 0, 0, 0.01%, 0, 0, 0, 2855.26, 0, 204786, 0.00%
1578789796, 0, 0, 2, 0, 0, 0.01%, 0, 0, 0, 3466.67, 0, 205826, 0.00%
1578789797, 0, 0, 2, 0, 0, 0.01%, 0, 0, 0, 3490.07, 0, 206880, 0.00%
1578789797, 0, 0, 2, 0, 0, 0.01%, 0, 0, 0, 3410.00, 0, 207903, 0.00%
1578789797, 0, 0, 2, 0, 0, 0.01%, 0, 0, 0, 3181.23, 0, 208886, 0.00%
1578789798, 0, 0, 2, 0, 0, 0.01%, 0, 0, 0, 3335.50, 0, 209910, 0.00%
1578789798, 0, 0, 2, 0, 0, 0.01%, 0, 0, 0, 3600.00, 0, 210990, 0.00%
1578789798, 0, 0, 2, 0, 0, 0.01%, 0, 0, 0, 3413.33, 0, 212014, 0.00%
1578789799, 0, 0, 2, 0, 0, 0.01%, 0, 0, 0, 3313.92, 0, 213038, 0.00%
1578789799, 0, 0, 2, 0, 0, 0.01%, 0, 0, 0, 3590.00, 0, 214115, 0.00%
1578789799, 0, 0, 2, 0, 0, 0.01%, 0, 0, 0, 3643.33, 0, 215208, 0.00%
1578789799, 0, 0, 2, 0, 0, 0.01%, 0, 0, 0, 3260.00, 0, 216186, 0.00%
1578789800, 0, 0, 2, 0, 0, 0.01%, 0, 0, 0, 3185.43, 0, 217148, 0.00%
1578789800, 0, 0, 2, 0, 0, 0.01%, 0, 0, 0, 3589.58, 0, 218250, 0.00%
1578789800, 0, 0, 2, 0, 0, 0.01%, 0, 0, 0, 2916.67, 0, 219125, 0.00%
1578789801, 0, 0, 2, 0, 0, 0.01%, 0, 0, 0, 3880.00, 0, 220289, 0.00%
1578789801, 0, 0, 2, 0, 0, 0.01%, 0, 0, 0, 3570.00, 0, 221360, 0.00%
1578789801, 0, 0, 2, 0, 0, 0.01%, 0, 0, 0, 3199.35, 0, 222339, 0.00%
1578789802, 0, 0, 2, 0, 0, 0.01%, 0, 0, 0, 3323.33, 0, 223336, 0.00%
1578789802, 0, 0, 2, 0, 0, 0.01%, 0, 0, 0, 2966.78, 0, 224229, 0.00%
1578789802, 0, 0, 2, 0, 0, 0.01%, 0, 0, 0, 3389.44, 0, 225256, 0.00%
1578789803, 0, 0, 2, 0, 0, 0.01%, 0, 0, 0, 3306.67, 0, 226248, 0.00%
1578789803, 0, 0, 2, 0, 0, 0.01%, 0, 0, 0, 3355.99, 0, 227285, 0.00%
1578789803, 0, 0, 2, 0, 0, 0.01%, 0, 0, 0, 3530.00, 0, 228344, 0.00%
1578789803, 0, 0, 2, 0, 0, 0.01%, 0, 0, 0, 3476.67, 0, 229387, 0.00%
1578789804, 0, 0, 2, 0, 0, 0.01%, 0, 0, 0, 2558.82, 0, 230170, 0.00%
1578789804, 0, 0, 2, 0, 0, 0.01%, 0, 0, 0, 3286.67, 0, 231156, 0.00%
1578789804, 0, 0, 2, 0, 0, 0.01%, 0, 0, 0, 3351.97, 0, 232175, 0.00%
1578789805, 0, 0, 2, 0, 0, 0.01%, 0, 0, 0, 3321.43, 0, 233198, 0.00%
1578789805, 0, 0, 2, 0, 0, 0.01%, 0, 0, 0, 3473.68, 0, 234254, 0.00%
1578789805, 0, 0, 2, 0, 0, 0.01%, 0, 0, 0, 2613.33, 0, 235038, 0.00%
1578789806, 0, 0, 2, 0, 0, 0.01%, 0, 0, 0, 3397.35, 0, 236064, 0.00%
1578789806, 0, 0, 2, 0, 0, 0.01%, 0, 0, 0, 3185.53, 0, 237077, 0.00%
1578789806, 0, 0, 2, 0, 0, 0.01%, 0, 0, 0, 2973.33, 0, 237969, 0.00%
1578789806, 0, 0, 2, 0, 0, 0.01%, 0, 0, 0, 3023.33, 0, 238876, 0.00%
1578789807, 0, 0, 2, 0, 0, 0.01%, 0, 0, 0, 3425.32, 0, 239931, 0.00%
1578789807, 0, 0, 2, 0, 0, 0.01%, 0, 0, 0, 3463.33, 0, 240970, 0.00%
1578789807, 0, 0, 2, 0, 0, 0.01%, 0, 0, 0, 3363.33, 0, 241979, 0.00%
1578789808, 0, 0, 2, 0, 0, 0.01%, 0, 0, 0, 3324.59, 0, 242993, 0.00%
1578789808, 0, 0, 2, 0, 0, 0.01%, 0, 0, 0, 3626.67, 0, 244081, 0.00%
1578789808, 0, 0, 2, 0, 0, 0.01%, 0, 0, 0, 3322.26, 0, 245081, 0.00%
1578789809, 0, 0, 2, 0, 0, 0.01%, 0, 0, 0, 3615.64, 0, 246191, 0.00%
1578789809, 0, 0, 2, 0, 0, 0.01%, 0, 0, 0, 3561.06, 0, 247270, 0.00%
1578789809, 0, 0, 2, 0, 0, 0.01%, 0, 0, 0, 3564.78, 0, 248343, 0.00%
1578789809, 0, 0, 2, 0, 0, 0.01%, 0, 0, 0, 3403.91, 0, 249388, 0.00%
1578789810, 0, 0, 2, 0, 0, 0.01%, 0, 0, 0, 3462.30, 0, 250444, 0.00%
1578789810, 0, 0, 2, 0, 0, 0.01%, 0, 0, 0, 3407.89, 0, 251480, 0.00%
1578789810, 0, 0, 2, 0, 0, 0.01%, 0, 0, 0, 3380.00, 0, 252494, 0.00%
1578789811, 0, 0, 2, 0, 0, 0.01%, 0, 0, 0, 3410.00, 0, 253517, 0.00%
1578789811, 0, 0, 2, 0, 0, 0.01%, 0, 0, 0, 3003.24, 0, 254445, 0.00%
1578789811, 0, 0, 2, 0, 0, 0.01%, 0, 0, 0, 3398.69, 0, 255485, 0.00%
1578789812, 0, 0, 2, 0, 0, 0.01%, 0, 0, 0, 3543.33, 0, 256548, 0.00%
1578789812, 0, 0, 2, 0, 0, 0.01%, 0, 0, 0, 3593.33, 0, 257626, 0.00%
1578789812, 0, 0, 2, 0, 0, 0.01%, 0, 0, 0, 3526.67, 0, 258684, 0.00%
1578789813, 0, 0, 2, 0, 0, 0.01%, 0, 0, 0, 2301.95, 0, 259393, 0.00%
1578789813, 0, 0, 2, 0, 0, 0.01%, 0, 0, 0, 2873.75, 0, 260258, 0.00%
1578789813, 0, 0, 2, 0, 0, 0.01%, 0, 0, 0, 3237.79, 0, 261252, 0.00%
1578789813, 0, 0, 2, 0, 0, 0.01%, 0, 0, 0, 3543.33, 0, 262315, 0.00%
1578789814, 0, 0, 2, 0, 0, 0.01%, 0, 0, 0, 3339.93, 0, 263327, 0.00%
1578789814, 0, 0, 2, 0, 0, 0.01%, 0, 0, 0, 3513.33, 0, 264381, 0.00%
1578789814, 0, 0, 2, 0, 0, 0.01%, 0, 0, 0, 3483.33, 0, 265426, 0.00%
1578789815, 0, 0, 2, 0, 0, 0.01%, 0, 0, 0, 3295.68, 0, 266418, 0.00%
