# unix_time, cycles_done, cur_path, paths_total, pending_total, pending_favs, map_size, unique_crashes, unique_hangs, max_depth, execs_per_sec, valid_inputs, invalid_inputs, valid_cov
1579647114, 0, 0, 1, 0, 0, 0.01%, 0, 0, 0, 0.50, 1, 0, 0.01%
1579647114, 0, 0, 2, 0, 0, 0.01%, 0, 0, 0, 108.55, 34, 0, 0.01%
1579647114, 0, 0, 2, 0, 0, 0.01%, 0, 0, 0, 38.24, 47, 0, 0.01%
1579647115, 0, 0, 2, 0, 0, 0.01%, 0, 0, 0, 159.61, 96, 0, 0.01%
1579647115, 0, 0, 2, 0, 0, 0.01%, 0, 0, 0, 130.57, 137, 0, 0.01%
1579647115, 0, 0, 2, 0, 0, 0.01%, 0, 0, 0, 126.25, 175, 0, 0.01%
1579647116, 0, 0, 2, 0, 0, 0.01%, 0, 0, 0, 260.00, 253, 0, 0.01%
1579647116, 0, 0, 2, 0, 0, 0.01%, 0, 0, 0, 371.71, 366, 0, 0.01%
1579647116, 0, 0, 2, 0, 0, 0.01%, 0, 0, 0, 433.77, 497, 0, 0.01%
1579647116, 0, 0, 2, 0, 0, 0.01%, 0, 0, 0, 383.33, 612, 0, 0.01%
1579647117, 0, 0, 2, 0, 0, 0.01%, 0, 0, 0, 440.00, 744, 0, 0.01%
1579647117, 0, 0, 2, 0, 0, 0.01%, 0, 0, 0, 402.60, 868, 0, 0.01%
1579647117, 0, 0, 2, 0, 0, 0.01%, 0, 0, 0, 464.05, 1010, 0, 0.01%
1579647118, 0, 0, 2, 0, 0, 0.01%, 0, 0, 0, 290.00, 1097, 0, 0.01%
1579647118, 0, 0, 2, 0, 0, 0.01%, 0, 0, 0, 520.00, 1253, 0, 0.01%
1579647118, 0, 0, 2, 0, 0, 0.01%, 0, 0, 0, 591.36, 1431, 0, 0.01%
1579647119, 0, 0, 2, 0, 0, 0.01%, 0, 0, 0, 551.50, 1597, 0, 0.01%
1579647119, 0, 0, 2, 0, 0, 0.01%, 0, 0, 0, 558.82, 1768, 0, 0.01%
1579647119, 0, 0, 2, 0, 0, 0.01%, 0, 0, 0, 669.93, 1973, 0, 0.01%
1579647119, 0, 0, 2, 0, 0, 0.01%, 0, 0, 0, 399.34, 2094, 0, 0.01%
1579647120, 0, 0, 2, 0, 0, 0.01%, 0, 0, 0, 655.63, 2292, 0, 0.01%
1579647120, 0, 0, 2, 0, 0, 0.01%, 0, 0, 0, 593.33, 2470, 0, 0.01%
1579647120, 0, 0, 2, 0, 0, 0.01%, 0, 0, 0, 703.95, 2684, 0, 0.01%
1579647121, 0, 0, 2, 0, 0, 0.01%, 0, 0, 0, 796.67, 2923, 0, 0.01%
1579647121, 0, 0, 2, 0, 0, 0.01%, 0, 0, 0, 767.21, 3157, 0, 0.01%
1579647121, 0, 0, 2, 0, 0, 0.01%, 0, 0, 0, 540.00, 3319, 0, 0.01%
1579647122, 0, 0, 2, 0, 0, 0.01%, 0, 0, 0, 916.67, 3594, 0, 0.01%
1579647122, 0, 0, 2, 0, 0, 0.01%, 0, 0, 0, 933.33, 3874, 0, 0.01%
1579647122, 0, 0, 2, 0, 0, 0.01%, 0, 0, 0, 766.45, 4107, 0, 0.01%
1579647122, 0, 0, 2, 0, 0, 0.01%, 0, 0, 0, 576.67, 4280, 0, 0.01%
1579647123, 0, 0, 2, 0, 0, 0.01%, 0, 0, 0, 943.33, 4563, 0, 0.01%
1579647123, 0, 0, 2, 0, 0, 0.01%, 0, 0, 0, 903.65, 4835, 0, 0.01%
1579647123, 0, 0, 2, 0, 0, 0.01%, 0, 0, 0, 891.09, 5105, 0, 0.01%
1579647124, 0, 0, 2, 0, 0, 0.01%, 0, 0, 0, 781.05, 5344, 0, 0.01%
1579647124, 0, 0, 2, 0, 0, 0.01%, 0, 0, 0, 810.00, 5587, 0, 0.01%
1579647124, 0, 0, 2, 0, 0, 0.01%, 0, 0, 0, 639.34, 5782, 0, 0.01%
1579647125, 0, 0, 2, 0, 0, 0.01%, 0, 0, 0, 1101.97, 6117, 0, 0.01%
1579647125, 0, 0, 2, 0, 0, 0.01%, 0, 0, 0, 1046.36, 6433, 0, 0.01%
1579647125, 0, 0, 2, 0, 0, 0.01%, 0, 0, 0, 716.67, 6648, 0, 0.01%
1579647126, 0, 0, 2, 0, 0, 0.01%, 0, 0, 0, 530.00, 6807, 0, 0.01%
1579647126, 0, 0, 2, 0, 0, 0.01%, 0, 0, 0, 516.67, 6962, 0, 0.01%
1579647126, 0, 0, 2, 0, 0, 0.01%, 0, 0, 0, 545.45, 7130, 0, 0.01%
1579647126, 0, 0, 2, 0, 0, 0.01%, 0, 0, 0, 401.32, 7252, 0, 0.01%
1579647127, 0, 0, 2, 0, 0, 0.01%, 0, 0, 0, 558.82, 7423, 0, 0.01%
1579647127, 0, 0, 2, 0, 0, 0.01%, 0, 0, 0, 539.94, 7592, 0, 0.01%
1579647127, 0, 0, 2, 0, 0, 0.01%, 0, 0, 0, 534.12, 7772, 0, 0.01%
1579647128, 0, 0, 2, 0, 0, 0.01%, 0, 0, 0, 674.12, 7983, 0, 0.01%
1579647128, 0, 0, 2, 0, 0, 0.01%, 0, 0, 0, 566.67, 8153, 0, 0.01%
1579647128, 0, 0, 2, 0, 0, 0.01%, 0, 0, 0, 420.53, 8280, 0, 0.01%
1579647129, 0, 0, 2, 0, 0, 0.01%, 0, 0, 0, 171.17, 8337, 0, 0.01%
1579647129, 0, 0, 2, 0, 0, 0.01%, 0, 0, 0, 213.37, 8420, 0, 0.01%
1579647129, 0, 0, 2, 0, 0, 0.01%, 0, 0, 0, 593.33, 8598, 0, 0.01%
1579647130, 0, 0, 2, 0, 0, 0.01%, 0, 0, 0, 558.44, 8770, 0, 0.01%
1579647130, 0, 0, 2, 0, 0, 0.01%, 0, 0, 0, 816.67, 9015, 0, 0.01%
1579647130, 0, 0, 2, 0, 0, 0.01%, 0, 0, 0, 809.68, 9266, 0, 0.01%
1579647131, 0, 0, 2, 0, 0, 0.01%, 0, 0, 0, 990.23, 9570, 0, 0.01%
1579647131, 0, 0, 2, 0, 0, 0.01%, 0, 0, 0, 675.41, 9776, 0, 0.01%
1579647131, 0, 0, 2, 0, 0, 0.01%, 0, 0, 0, 563.33, 9945, 0, 0.01%
1579647131, 0, 0, 2, 0, 0, 0.01%, 0, 0, 0, 1036.67, 10256, 0, 0.01%
1579647132, 0, 0, 2, 0, 0, 0.01%, 0, 0, 0, 960.13, 10545, 0, 0.01%
1579647132, 0, 0, 2, 0, 0, 0.01%, 0, 0, 0, 672.08, 10752, 0, 0.01%
1579647132, 0, 0, 2, 0, 0, 0.01%, 0, 0, 0, 603.90, 10938, 0, 0.01%
1579647133, 0, 0, 2, 0, 0, 0.01%, 0, 0, 0, 560.00, 11106, 0, 0.01%
1579647133, 0, 0, 2, 0, 0, 0.01%, 0, 0, 0, 566.67, 11276, 0, 0.01%
1579647133, 0, 0, 2, 0, 0, 0.01%, 0, 0, 0, 370.49, 11389, 0, 0.01%
1579647134, 0, 0, 2, 0, 0, 0.01%, 0, 0, 0, 601.97, 11572, 0, 0.01%
1579647134, 0, 0, 2, 0, 0, 0.01%, 0, 0, 0, 531.56, 11732, 0, 0.01%
1579647134, 0, 0, 2, 0, 0, 0.01%, 0, 0, 0, 620.00, 11918, 0, 0.01%
1579647134, 0, 0, 2, 0, 0, 0.01%, 0, 0, 0, 956.67, 12205, 0, 0.01%
1579647135, 0, 0, 2, 0, 0, 0.01%, 0, 0, 0, 1395.35, 12625, 0, 0.01%
1579647135, 0, 0, 2, 0, 0, 0.01%, 0, 0, 0, 760.00, 12853, 0, 0.01%
1579647135, 0, 0, 2, 0, 0, 0.01%, 0, 0, 0, 1105.96, 13187, 0, 0.01%
1579647136, 0, 0, 2, 0, 0, 0.01%, 0, 0, 0, 1314.57, 13584, 0, 0.01%
1579647136, 0, 0, 2, 0, 0, 0.01%, 0, 0, 0, 1270.00, 13965, 0, 0.01%
1579647136, 0, 0, 2, 0, 0, 0.01%, 0, 0, 0, 1389.44, 14386, 0, 0.01%
1579647137, 0, 0, 2, 0, 0, 0.01%, 0, 0, 0, 1220.00, 14752, 0, 0.01%
1579647137, 0, 0, 2, 0, 0, 0.01%, 0, 0, 0, 1233.77, 15132, 0, 0.01%
1579647137, 0, 0, 2, 0, 0, 0.01%, 0, 0, 0, 1420.00, 15558, 0, 0.01%
1579647137, 0, 0, 2, 0, 0, 0.01%, 0, 0, 0, 1393.33, 15976, 0, 0.01%
1579647138, 0, 0, 2, 0, 0, 0.01%, 0, 0, 0, 1330.00, 16375, 0, 0.01%
1579647138, 0, 0, 2, 0, 0, 0.01%, 0, 0, 0, 1342.11, 16783, 0, 0.01%
1579647138, 0, 0, 2, 0, 0, 0.01%, 0, 0, 0, 1285.71, 17170, 0, 0.01%
1579647139, 0, 0, 2, 0, 0, 0.01%, 0, 0, 0, 1336.67, 17571, 0, 0.01%
