# unix_time, cycles_done, cur_path, paths_total, pending_total, pending_favs, map_size, unique_crashes, unique_hangs, max_depth, execs_per_sec, valid_inputs, invalid_inputs, valid_cov
1579500688, 0, 0, 1, 0, 0, 0.00%, 0, 0, 0, 0.50, 0, 1, 0.00%
1579500688, 0, 0, 2, 0, 0, 0.01%, 0, 0, 0, 269.10, 0, 82, 0.00%
1579500689, 0, 0, 2, 0, 0, 0.01%, 0, 0, 0, 380.00, 0, 196, 0.00%
1579500689, 0, 0, 2, 0, 0, 0.01%, 0, 0, 0, 274.51, 0, 280, 0.00%
1579500689, 0, 0, 2, 0, 0, 0.01%, 0, 0, 0, 509.93, 0, 434, 0.00%
1579500690, 0, 0, 2, 0, 0, 0.01%, 0, 0, 0, 1056.67, 0, 751, 0.00%
1579500690, 0, 0, 2, 0, 0, 0.01%, 0, 0, 0, 895.08, 0, 1024, 0.00%
1579500690, 0, 0, 2, 0, 0, 0.01%, 0, 0, 0, 1243.33, 0, 1397, 0.00%
1579500690, 0, 0, 2, 0, 0, 0.01%, 0, 0, 0, 1463.82, 0, 1842, 0.00%
1579500691, 0, 0, 2, 0, 0, 0.01%, 0, 0, 0, 741.18, 0, 2094, 0.00%
1579500691, 0, 0, 2, 0, 0, 0.01%, 0, 0, 0, 1264.98, 0, 2495, 0.00%
1579500691, 0, 0, 2, 0, 0, 0.01%, 0, 0, 0, 1126.25, 0, 2834, 0.00%
