# unix_time, cycles_done, cur_path, paths_total, pending_total, pending_favs, map_size, unique_crashes, unique_hangs, max_depth, execs_per_sec, valid_inputs, invalid_inputs, valid_cov
1578786730, 0, 0, 1, 0, 0, 0.00%, 0, 0, 0, 0.18, 0, 1, 0.00%
1578786731, 0, 0, 2, 0, 0, 0.01%, 0, 0, 0, 156.67, 0, 48, 0.00%
1578786731, 0, 0, 2, 0, 0, 0.01%, 0, 0, 0, 192.81, 0, 107, 0.00%
1578786731, 0, 0, 2, 0, 0, 0.01%, 0, 0, 0, 290.00, 0, 194, 0.00%
1578786731, 0, 0, 2, 0, 0, 0.01%, 0, 0, 0, 390.16, 0, 313, 0.00%
1578786732, 0, 0, 2, 0, 0, 0.01%, 0, 0, 0, 458.47, 0, 451, 0.00%
1578786732, 0, 0, 2, 0, 0, 0.01%, 0, 0, 0, 456.67, 0, 588, 0.00%
1578786732, 0, 0, 2, 0, 0, 0.01%, 0, 0, 0, 1019.80, 0, 897, 0.00%
1578786733, 0, 0, 2, 0, 0, 0.01%, 0, 0, 0, 1643.33, 0, 1390, 0.00%
1578786733, 0, 0, 2, 0, 0, 0.01%, 0, 0, 0, 1410.00, 0, 1813, 0.00%
1578786733, 0, 0, 2, 0, 0, 0.01%, 0, 0, 0, 1940.00, 0, 2395, 0.00%
1578786734, 0, 0, 2, 0, 0, 0.01%, 0, 0, 0, 1860.00, 0, 2953, 0.00%
1578786734, 0, 0, 2, 0, 0, 0.01%, 0, 0, 0, 1816.67, 0, 3498, 0.00%
1578786734, 0, 0, 2, 0, 0, 0.01%, 0, 0, 0, 1931.15, 0, 4087, 0.00%
1578786734, 0, 0, 2, 0, 0, 0.01%, 0, 0, 0, 1806.67, 0, 4629, 0.00%
1578786735, 0, 0, 2, 0, 0, 0.01%, 0, 0, 0, 2413.33, 0, 5353, 0.00%
1578786735, 0, 0, 2, 0, 0, 0.01%, 0, 0, 0, 2693.33, 0, 6161, 0.00%
1578786735, 0, 0, 2, 0, 0, 0.01%, 0, 0, 0, 2214.98, 0, 6841, 0.00%
1578786736, 0, 0, 2, 0, 0, 0.01%, 0, 0, 0, 1876.67, 0, 7404, 0.00%
1578786736, 0, 0, 2, 0, 0, 0.01%, 0, 0, 0, 2101.64, 0, 8045, 0.00%
1578786736, 0, 0, 2, 0, 0, 0.01%, 0, 0, 0, 2226.67, 0, 8713, 0.00%
1578786737, 0, 0, 2, 0, 0, 0.01%, 0, 0, 0, 3186.67, 0, 9669, 0.00%
1578786737, 0, 0, 2, 0, 0, 0.01%, 0, 0, 0, 3193.33, 0, 10627, 0.00%
1578786737, 0, 0, 2, 0, 0, 0.01%, 0, 0, 0, 4160.00, 0, 11875, 0.00%
1578786737, 0, 0, 2, 0, 0, 0.01%, 0, 0, 0, 3596.67, 0, 12954, 0.00%
1578786738, 0, 0, 2, 0, 0, 0.01%, 0, 0, 0, 4436.67, 0, 14285, 0.00%
1578786738, 0, 0, 2, 0, 0, 0.01%, 0, 0, 0, 3254.97, 0, 15268, 0.00%
1578786738, 0, 0, 2, 0, 0, 0.01%, 0, 0, 0, 5006.67, 0, 16770, 0.00%
1578786739, 0, 0, 2, 0, 0, 0.01%, 0, 0, 0, 5320.00, 0, 18366, 0.00%
1578786739, 0, 0, 2, 0, 0, 0.01%, 0, 0, 0, 4710.00, 0, 19779, 0.00%
1578786739, 0, 0, 2, 0, 0, 0.01%, 0, 0, 0, 6703.33, 0, 21790, 0.00%
1578786740, 0, 0, 2, 0, 0, 0.01%, 0, 0, 0, 6830.00, 0, 23839, 0.00%
1578786740, 0, 0, 2, 0, 0, 0.01%, 0, 0, 0, 5870.00, 0, 25600, 0.00%
1578786740, 0, 0, 2, 0, 0, 0.01%, 0, 0, 0, 6743.33, 0, 27623, 0.00%
1578786740, 0, 0, 2, 0, 0, 0.01%, 0, 0, 0, 6790.00, 0, 29660, 0.00%
1578786741, 0, 0, 2, 0, 0, 0.01%, 0, 0, 0, 6693.33, 0, 31668, 0.00%
1578786741, 0, 0, 2, 0, 0, 0.01%, 0, 0, 0, 6433.33, 0, 33598, 0.00%
1578786741, 0, 0, 2, 0, 0, 0.01%, 0, 0, 0, 6826.67, 0, 35646, 0.00%
1578786742, 0, 0, 2, 0, 0, 0.01%, 0, 0, 0, 6766.67, 0, 37676, 0.00%
1578786742, 0, 0, 2, 0, 0, 0.01%, 0, 0, 0, 6613.33, 0, 39660, 0.00%
1578786742, 0, 0, 2, 0, 0, 0.01%, 0, 0, 0, 6656.67, 0, 41657, 0.00%
1578786743, 0, 0, 2, 0, 0, 0.01%, 0, 0, 0, 6473.33, 0, 43599, 0.00%
1578786743, 0, 0, 2, 0, 0, 0.01%, 0, 0, 0, 6103.33, 0, 45430, 0.00%
1578786743, 0, 0, 2, 0, 0, 0.01%, 0, 0, 0, 6540.00, 0, 47392, 0.00%
1578786743, 0, 0, 2, 0, 0, 0.01%, 0, 0, 0, 5480.00, 0, 49036, 0.00%
1578786744, 0, 0, 2, 0, 0, 0.01%, 0, 0, 0, 6383.33, 0, 50951, 0.00%
1578786744, 0, 0, 2, 0, 0, 0.01%, 0, 0, 0, 5853.33, 0, 52707, 0.00%
1578786744, 0, 0, 2, 0, 0, 0.01%, 0, 0, 0, 6370.00, 0, 54618, 0.00%
1578786745, 0, 0, 2, 0, 0, 0.01%, 0, 0, 0, 6196.67, 0, 56477, 0.00%
1578786745, 0, 0, 2, 0, 0, 0.01%, 0, 0, 0, 6216.67, 0, 58342, 0.00%
1578786745, 0, 0, 2, 0, 0, 0.01%, 0, 0, 0, 6246.67, 0, 60216, 0.00%
1578786746, 0, 0, 2, 0, 0, 0.01%, 0, 0, 0, 3700.00, 0, 61326, 0.00%
1578786746, 0, 0, 2, 0, 0, 0.01%, 0, 0, 0, 6123.33, 0, 63163, 0.00%
1578786746, 0, 0, 2, 0, 0, 0.01%, 0, 0, 0, 6806.67, 0, 65205, 0.00%
1578786746, 0, 0, 2, 0, 0, 0.01%, 0, 0, 0, 6766.67, 0, 67235, 0.00%
