# unix_time, cycles_done, cur_path, paths_total, pending_total, pending_favs, map_size, unique_crashes, unique_hangs, max_depth, execs_per_sec, valid_inputs, invalid_inputs, valid_cov
1579500286, 0, 0, 1, 0, 0, 0.00%, 0, 0, 0, 0.51, 0, 1, 0.00%
1579500286, 0, 0, 2, 0, 0, 0.01%, 0, 0, 0, 266.67, 0, 81, 0.00%
1579500287, 0, 0, 2, 0, 0, 0.01%, 0, 0, 0, 623.33, 0, 268, 0.00%
1579500287, 0, 0, 2, 0, 0, 0.01%, 0, 0, 0, 463.07, 0, 431, 0.00%
1579500287, 0, 0, 2, 0, 0, 0.01%, 0, 0, 0, 1083.87, 0, 767, 0.00%
1579500288, 0, 0, 2, 0, 0, 0.01%, 0, 0, 0, 534.12, 0, 947, 0.00%
1579500288, 0, 0, 2, 0, 0, 0.01%, 0, 0, 0, 1114.38, 0, 1288, 0.00%
1579500288, 0, 0, 2, 0, 0, 0.01%, 0, 0, 0, 632.59, 0, 1486, 0.00%
1579500289, 0, 0, 2, 0, 0, 0.01%, 0, 0, 0, 1311.48, 0, 1886, 0.00%
1579500289, 0, 0, 2, 0, 0, 0.01%, 0, 0, 0, 910.08, 0, 2220, 0.00%
1579500289, 0, 0, 2, 0, 0, 0.01%, 0, 0, 0, 1173.20, 0, 2579, 0.00%
1579500290, 0, 0, 2, 0, 0, 0.01%, 0, 0, 0, 940.00, 0, 2861, 0.00%
1579500290, 0, 0, 2, 0, 0, 0.01%, 0, 0, 0, 1328.03, 0, 3278, 0.00%
1579500290, 0, 0, 2, 0, 0, 0.01%, 0, 0, 0, 1160.00, 0, 3626, 0.00%
1579500290, 0, 0, 2, 0, 0, 0.01%, 0, 0, 0, 1543.33, 0, 4089, 0.00%
1579500291, 0, 0, 2, 0, 0, 0.01%, 0, 0, 0, 1000.00, 0, 4390, 0.00%
1579500291, 0, 0, 2, 0, 0, 0.01%, 0, 0, 0, 1190.00, 0, 4747, 0.00%
1579500291, 0, 0, 2, 0, 0, 0.01%, 0, 0, 0, 1350.00, 0, 5152, 0.00%
1579500292, 0, 0, 2, 0, 0, 0.01%, 0, 0, 0, 1510.00, 0, 5605, 0.00%
1579500292, 0, 0, 2, 0, 0, 0.01%, 0, 0, 0, 1125.00, 0, 5947, 0.00%
1579500292, 0, 0, 2, 0, 0, 0.01%, 0, 0, 0, 1810.00, 0, 6490, 0.00%
1579500293, 0, 0, 2, 0, 0, 0.01%, 0, 0, 0, 1163.93, 0, 6845, 0.00%
1579500293, 0, 0, 2, 0, 0, 0.01%, 0, 0, 0, 1800.00, 0, 7385, 0.00%
1579500293, 0, 0, 2, 0, 0, 0.01%, 0, 0, 0, 1680.00, 0, 7889, 0.00%
1579500293, 0, 0, 2, 0, 0, 0.01%, 0, 0, 0, 1586.67, 0, 8365, 0.00%
1579500294, 0, 0, 2, 0, 0, 0.01%, 0, 0, 0, 800.56, 0, 8650, 0.00%
1579500294, 0, 0, 2, 0, 0, 0.01%, 0, 0, 0, 828.95, 0, 8902, 0.00%
1579500294, 0, 0, 2, 0, 0, 0.01%, 0, 0, 0, 900.26, 0, 9254, 0.00%
1579500295, 0, 0, 2, 0, 0, 0.01%, 0, 0, 0, 1464.29, 0, 9705, 0.00%
1579500295, 0, 0, 2, 0, 0, 0.01%, 0, 0, 0, 987.77, 0, 10028, 0.00%
1579500295, 0, 0, 2, 0, 0, 0.01%, 0, 0, 0, 2426.67, 0, 10756, 0.00%
1579500296, 0, 0, 2, 0, 0, 0.01%, 0, 0, 0, 1763.41, 0, 11315, 0.00%
1579500296, 0, 0, 2, 0, 0, 0.01%, 0, 0, 0, 2780.00, 0, 12149, 0.00%
1579500296, 0, 0, 2, 0, 0, 0.01%, 0, 0, 0, 1107.69, 0, 12509, 0.00%
1579500297, 0, 0, 2, 0, 0, 0.01%, 0, 0, 0, 2180.00, 0, 13163, 0.00%
1579500297, 0, 0, 2, 0, 0, 0.01%, 0, 0, 0, 2042.17, 0, 13841, 0.00%
1579500297, 0, 0, 2, 0, 0, 0.01%, 0, 0, 0, 2684.21, 0, 14657, 0.00%
1579500298, 0, 0, 2, 0, 0, 0.01%, 0, 0, 0, 1258.46, 0, 15066, 0.00%
1579500298, 0, 0, 2, 0, 0, 0.01%, 0, 0, 0, 2075.66, 0, 15697, 0.00%
1579500298, 0, 0, 2, 0, 0, 0.01%, 0, 0, 0, 1330.38, 0, 16148, 0.00%
1579500299, 0, 0, 2, 0, 0, 0.01%, 0, 0, 0, 2140.00, 0, 16790, 0.00%
1579500299, 0, 0, 2, 0, 0, 0.01%, 0, 0, 0, 961.99, 0, 17119, 0.00%
1579500299, 0, 0, 2, 0, 0, 0.01%, 0, 0, 0, 2171.52, 0, 17790, 0.00%
1579500300, 0, 0, 2, 0, 0, 0.01%, 0, 0, 0, 1392.37, 0, 18301, 0.00%
1579500300, 0, 0, 2, 0, 0, 0.01%, 0, 0, 0, 1993.33, 0, 18899, 0.00%
1579500300, 0, 0, 2, 0, 0, 0.01%, 0, 0, 0, 1506.67, 0, 19351, 0.00%
1579500300, 0, 0, 2, 0, 0, 0.01%, 0, 0, 0, 2763.33, 0, 20180, 0.00%
1579500301, 0, 0, 2, 0, 0, 0.01%, 0, 0, 0, 3116.67, 0, 21115, 0.00%
1579500301, 0, 0, 2, 0, 0, 0.01%, 0, 0, 0, 4336.67, 0, 22416, 0.00%
1579500301, 0, 0, 2, 0, 0, 0.01%, 0, 0, 0, 2483.77, 0, 23181, 0.00%
1579500302, 0, 0, 2, 0, 0, 0.01%, 0, 0, 0, 4290.00, 0, 24468, 0.00%
1579500302, 0, 0, 2, 0, 0, 0.01%, 0, 0, 0, 2773.16, 0, 25336, 0.00%
1579500302, 0, 0, 2, 0, 0, 0.01%, 0, 0, 0, 3463.33, 0, 26375, 0.00%
1579500303, 0, 0, 2, 0, 0, 0.01%, 0, 0, 0, 3013.33, 0, 27279, 0.00%
1579500303, 0, 0, 2, 0, 0, 0.01%, 0, 0, 0, 3120.00, 0, 28215, 0.00%
1579500303, 0, 0, 2, 0, 0, 0.01%, 0, 0, 0, 3193.33, 0, 29173, 0.00%
1579500304, 0, 0, 2, 0, 0, 0.01%, 0, 0, 0, 3556.67, 0, 30240, 0.00%
1579500304, 0, 0, 2, 0, 0, 0.01%, 0, 0, 0, 3653.33, 0, 31336, 0.00%
1579500304, 0, 0, 2, 0, 0, 0.01%, 0, 0, 0, 3090.00, 0, 32263, 0.00%
1579500304, 0, 0, 2, 0, 0, 0.01%, 0, 0, 0, 3340.00, 0, 33265, 0.00%
1579500305, 0, 0, 2, 0, 0, 0.01%, 0, 0, 0, 4526.67, 0, 34623, 0.00%
1579500305, 0, 0, 2, 0, 0, 0.01%, 0, 0, 0, 2883.33, 0, 35488, 0.00%
1579500305, 0, 0, 2, 0, 0, 0.01%, 0, 0, 0, 3576.67, 0, 36561, 0.00%
1579500306, 0, 0, 2, 0, 0, 0.01%, 0, 0, 0, 3566.67, 0, 37631, 0.00%
1579500306, 0, 0, 2, 0, 0, 0.01%, 0, 0, 0, 3013.33, 0, 38535, 0.00%
1579500306, 0, 0, 2, 0, 0, 0.01%, 0, 0, 0, 3203.33, 0, 39496, 0.00%
1579500307, 0, 0, 2, 0, 0, 0.01%, 0, 0, 0, 4083.33, 0, 40721, 0.00%
1579500307, 0, 0, 2, 0, 0, 0.01%, 0, 0, 0, 3730.00, 0, 41840, 0.00%
1579500307, 0, 0, 2, 0, 0, 0.01%, 0, 0, 0, 2971.06, 0, 42764, 0.00%
1579500307, 0, 0, 2, 0, 0, 0.01%, 0, 0, 0, 3593.33, 0, 43842, 0.00%
1579500308, 0, 0, 2, 0, 0, 0.01%, 0, 0, 0, 3393.33, 0, 44860, 0.00%
1579500308, 0, 0, 2, 0, 0, 0.01%, 0, 0, 0, 3714.29, 0, 45978, 0.00%
1579500308, 0, 0, 2, 0, 0, 0.01%, 0, 0, 0, 2275.97, 0, 46679, 0.00%
1579500309, 0, 0, 2, 0, 0, 0.01%, 0, 0, 0, 4360.00, 0, 47987, 0.00%
1579500309, 0, 0, 2, 0, 0, 0.01%, 0, 0, 0, 3063.33, 0, 48906, 0.00%
1579500309, 0, 0, 2, 0, 0, 0.01%, 0, 0, 0, 4396.67, 0, 50225, 0.00%
1579500310, 0, 0, 2, 0, 0, 0.01%, 0, 0, 0, 2413.25, 0, 50990, 0.00%
1579500310, 0, 0, 2, 0, 0, 0.01%, 0, 0, 0, 3576.67, 0, 52063, 0.00%
1579500310, 0, 0, 2, 0, 0, 0.01%, 0, 0, 0, 4020.00, 0, 53269, 0.00%
1579500310, 0, 0, 2, 0, 0, 0.01%, 0, 0, 0, 3270.00, 0, 54250, 0.00%
1579500311, 0, 0, 2, 0, 0, 0.01%, 0, 0, 0, 3956.67, 0, 55437, 0.00%
1579500311, 0, 0, 2, 0, 0, 0.01%, 0, 0, 0, 3340.00, 0, 56439, 0.00%
1579500311, 0, 0, 2, 0, 0, 0.01%, 0, 0, 0, 3296.67, 0, 57428, 0.00%
1579500312, 0, 0, 2, 0, 0, 0.01%, 0, 0, 0, 4583.33, 0, 58803, 0.00%
1579500312, 0, 0, 2, 0, 0, 0.01%, 0, 0, 0, 3286.67, 0, 59789, 0.00%
1579500312, 0, 0, 2, 0, 0, 0.01%, 0, 0, 0, 3006.51, 0, 60712, 0.00%
1579500313, 0, 0, 3, 0, 0, 0.01%, 0, 0, 0, 2965.52, 1, 61657, 0.01%
1579500313, 0, 0, 3, 0, 0, 0.01%, 0, 0, 0, 4086.67, 1, 62883, 0.01%
1579500313, 0, 0, 3, 0, 0, 0.01%, 0, 0, 0, 3450.00, 1, 63918, 0.01%
1579500313, 0, 0, 3, 0, 0, 0.01%, 0, 0, 0, 2856.67, 1, 64775, 0.01%
1579500314, 0, 0, 3, 0, 0, 0.01%, 0, 0, 0, 2940.00, 1, 65657, 0.01%
1579500314, 0, 0, 3, 0, 0, 0.01%, 0, 0, 0, 2363.04, 1, 66373, 0.01%
1579500314, 0, 0, 3, 0, 0, 0.01%, 0, 0, 0, 2186.67, 1, 67029, 0.01%
1579500315, 0, 0, 3, 0, 0, 0.01%, 0, 0, 0, 2276.67, 1, 67712, 0.01%
1579500315, 0, 0, 3, 0, 0, 0.01%, 0, 0, 0, 2690.00, 1, 68519, 0.01%
1579500315, 0, 0, 3, 0, 0, 0.01%, 0, 0, 0, 2160.00, 1, 69167, 0.01%
1579500316, 0, 0, 3, 0, 0, 0.01%, 0, 0, 0, 2080.00, 1, 69791, 0.01%
1579500316, 0, 0, 3, 0, 0, 0.01%, 0, 0, 0, 2213.33, 1, 70455, 0.01%
1579500316, 0, 0, 3, 0, 0, 0.01%, 0, 0, 0, 2773.33, 1, 71287, 0.01%
1579500316, 0, 0, 3, 0, 0, 0.01%, 0, 0, 0, 2780.00, 1, 72121, 0.01%
1579500317, 0, 0, 3, 0, 0, 0.01%, 0, 0, 0, 2200.00, 1, 72781, 0.01%
1579500317, 0, 0, 3, 0, 0, 0.01%, 0, 0, 0, 2286.67, 1, 73467, 0.01%
1579500317, 0, 0, 3, 0, 0, 0.01%, 0, 0, 0, 2182.12, 1, 74126, 0.01%
1579500318, 0, 0, 3, 0, 0, 0.01%, 0, 0, 0, 1950.00, 1, 74711, 0.01%
1579500318, 0, 0, 3, 0, 0, 0.01%, 0, 0, 0, 2310.00, 1, 75404, 0.01%
1579500318, 0, 0, 3, 0, 0, 0.01%, 0, 0, 0, 2013.33, 1, 76008, 0.01%
1579500319, 0, 0, 3, 0, 0, 0.01%, 0, 0, 0, 2290.00, 1, 76695, 0.01%
1579500319, 0, 0, 3, 0, 0, 0.01%, 0, 0, 0, 2946.67, 1, 77579, 0.01%
1579500319, 0, 0, 3, 0, 0, 0.01%, 0, 0, 0, 2233.33, 1, 78249, 0.01%
1579500319, 0, 0, 3, 0, 0, 0.01%, 0, 0, 0, 2173.33, 1, 78901, 0.01%
1579500320, 0, 0, 3, 0, 0, 0.01%, 0, 0, 0, 2886.67, 1, 79767, 0.01%
1579500320, 0, 0, 3, 0, 0, 0.01%, 0, 0, 0, 2780.00, 1, 80601, 0.01%
1579500320, 0, 0, 3, 0, 0, 0.01%, 0, 0, 0, 2446.67, 1, 81335, 0.01%
1579500321, 0, 0, 3, 0, 0, 0.01%, 0, 0, 0, 2210.00, 1, 81998, 0.01%
1579500321, 0, 0, 3, 0, 0, 0.01%, 0, 0, 0, 2876.67, 1, 82861, 0.01%
1579500321, 0, 0, 3, 0, 0, 0.01%, 0, 0, 0, 2176.67, 1, 83514, 0.01%
1579500322, 0, 0, 3, 0, 0, 0.01%, 0, 0, 0, 2823.33, 1, 84361, 0.01%
1579500322, 0, 0, 3, 0, 0, 0.01%, 0, 0, 0, 1990.00, 1, 84958, 0.01%
1579500322, 0, 0, 3, 0, 0, 0.01%, 0, 0, 0, 2073.33, 1, 85580, 0.01%
1579500322, 0, 0, 3, 0, 0, 0.01%, 0, 0, 0, 2374.17, 1, 86297, 0.01%
1579500323, 0, 0, 3, 0, 0, 0.01%, 0, 0, 0, 2540.00, 1, 87059, 0.01%
1579500323, 0, 0, 3, 0, 0, 0.01%, 0, 0, 0, 1996.67, 1, 87658, 0.01%
1579500323, 0, 0, 3, 0, 0, 0.01%, 0, 0, 0, 2560.00, 1, 88426, 0.01%
1579500324, 0, 0, 3, 0, 0, 0.01%, 0, 0, 0, 2263.33, 1, 89105, 0.01%
1579500324, 0, 0, 3, 0, 0, 0.01%, 0, 0, 0, 2258.28, 1, 89787, 0.01%
1579500324, 0, 0, 3, 0, 0, 0.01%, 0, 0, 0, 2780.00, 1, 90621, 0.01%
1579500325, 0, 0, 3, 0, 0, 0.01%, 0, 0, 0, 2620.00, 1, 91407, 0.01%
1579500325, 0, 0, 3, 0, 0, 0.01%, 0, 0, 0, 2156.67, 1, 92054, 0.01%
1579500325, 0, 0, 3, 0, 0, 0.01%, 0, 0, 0, 3033.33, 1, 92964, 0.01%
1579500325, 0, 0, 3, 0, 0, 0.01%, 0, 0, 0, 1956.67, 1, 93551, 0.01%
1579500326, 0, 0, 3, 0, 0, 0.01%, 0, 0, 0, 3000.00, 1, 94451, 0.01%
1579500326, 0, 0, 3, 0, 0, 0.01%, 0, 0, 0, 2320.00, 1, 95147, 0.01%
1579500326, 0, 0, 3, 0, 0, 0.01%, 0, 0, 0, 2936.67, 1, 96028, 0.01%
1579500327, 0, 0, 3, 0, 0, 0.01%, 0, 0, 0, 1990.00, 1, 96625, 0.01%
1579500327, 0, 0, 3, 0, 0, 0.01%, 0, 0, 0, 2273.33, 1, 97307, 0.01%
1579500327, 0, 0, 3, 0, 0, 0.01%, 0, 0, 0, 2099.67, 1, 97939, 0.01%
1579500328, 0, 0, 3, 0, 0, 0.01%, 0, 0, 0, 2163.33, 1, 98588, 0.01%
1579500328, 0, 0, 3, 0, 0, 0.01%, 0, 0, 0, 2660.00, 1, 99386, 0.01%
1579500328, 0, 0, 3, 0, 0, 0.01%, 0, 0, 0, 2766.67, 1, 100216, 0.01%
1579500328, 0, 0, 3, 0, 0, 0.01%, 0, 0, 0, 2216.67, 1, 100881, 0.01%
1579500329, 0, 0, 3, 0, 0, 0.01%, 0, 0, 0, 1926.67, 1, 101459, 0.01%
1579500329, 0, 0, 3, 0, 0, 0.01%, 0, 0, 0, 1840.00, 1, 102011, 0.01%
1579500329, 0, 0, 3, 0, 0, 0.01%, 0, 0, 0, 2560.00, 1, 102779, 0.01%
1579500330, 0, 0, 3, 0, 0, 0.01%, 0, 0, 0, 2070.00, 1, 103400, 0.01%
1579500330, 0, 0, 3, 0, 0, 0.01%, 0, 0, 0, 2796.67, 1, 104239, 0.01%
1579500330, 0, 0, 3, 0, 0, 0.01%, 0, 0, 0, 1963.33, 1, 104828, 0.01%
1579500331, 0, 0, 3, 0, 0, 0.01%, 0, 0, 0, 2926.67, 1, 105706, 0.01%
1579500331, 0, 0, 3, 0, 0, 0.01%, 0, 0, 0, 2986.67, 1, 106602, 0.01%
1579500331, 0, 0, 3, 0, 0, 0.01%, 0, 0, 0, 2207.92, 1, 107271, 0.01%
1579500331, 0, 0, 3, 0, 0, 0.01%, 0, 0, 0, 2450.00, 1, 108006, 0.01%
1579500332, 0, 0, 3, 0, 0, 0.01%, 0, 0, 0, 2926.67, 1, 108884, 0.01%
1579500332, 0, 0, 3, 0, 0, 0.01%, 0, 0, 0, 2536.67, 1, 109645, 0.01%
1579500332, 0, 0, 3, 0, 0, 0.01%, 0, 0, 0, 1806.67, 1, 110187, 0.01%
1579500333, 0, 0, 3, 0, 0, 0.01%, 0, 0, 0, 2336.67, 1, 110888, 0.01%
1579500333, 0, 0, 3, 0, 0, 0.01%, 0, 0, 0, 2126.67, 1, 111526, 0.01%
1579500333, 0, 0, 3, 0, 0, 0.01%, 0, 0, 0, 1773.33, 1, 112058, 0.01%
1579500334, 0, 0, 3, 0, 0, 0.01%, 0, 0, 0, 2613.33, 1, 112842, 0.01%
1579500334, 0, 0, 3, 0, 0, 0.01%, 0, 0, 0, 3000.00, 1, 113742, 0.01%
1579500334, 0, 0, 3, 0, 0, 0.01%, 0, 0, 0, 2006.67, 1, 114344, 0.01%
1579500334, 0, 0, 3, 0, 0, 0.01%, 0, 0, 0, 2303.33, 1, 115035, 0.01%
1579500335, 0, 0, 3, 0, 0, 0.01%, 0, 0, 0, 2630.00, 1, 115824, 0.01%
1579500335, 0, 0, 3, 0, 0, 0.01%, 0, 0, 0, 2933.33, 1, 116704, 0.01%
1579500335, 0, 0, 3, 0, 0, 0.01%, 0, 0, 0, 2096.67, 1, 117333, 0.01%
1579500336, 0, 0, 3, 0, 0, 0.01%, 0, 0, 0, 2983.33, 1, 118228, 0.01%
1579500336, 0, 0, 3, 0, 0, 0.01%, 0, 0, 0, 2216.67, 1, 118893, 0.01%
1579500336, 0, 0, 3, 0, 0, 0.01%, 0, 0, 0, 2133.33, 1, 119533, 0.01%
1579500337, 0, 0, 3, 0, 0, 0.01%, 0, 0, 0, 2103.33, 1, 120164, 0.01%
1579500337, 0, 0, 3, 0, 0, 0.01%, 0, 0, 0, 2163.33, 1, 120813, 0.01%
1579500337, 0, 0, 3, 0, 0, 0.01%, 0, 0, 0, 1663.33, 1, 121312, 0.01%
1579500337, 0, 0, 3, 0, 0, 0.01%, 0, 0, 0, 2083.33, 1, 121937, 0.01%
1579500338, 0, 0, 3, 0, 0, 0.01%, 0, 0, 0, 2443.33, 1, 122670, 0.01%
1579500338, 0, 0, 3, 0, 0, 0.01%, 0, 0, 0, 2803.33, 1, 123511, 0.01%
1579500338, 0, 0, 3, 0, 0, 0.01%, 0, 0, 0, 2566.67, 1, 124281, 0.01%
1579500339, 0, 0, 3, 0, 0, 0.01%, 0, 0, 0, 691.03, 1, 124489, 0.01%
1579500339, 0, 0, 3, 0, 0, 0.01%, 0, 0, 0, 1730.26, 1, 125015, 0.01%
1579500339, 0, 0, 3, 0, 0, 0.01%, 0, 0, 0, 1716.67, 1, 125530, 0.01%
1579500340, 0, 0, 3, 0, 0, 0.01%, 0, 0, 0, 2273.33, 1, 126212, 0.01%
1579500340, 0, 0, 3, 0, 0, 0.01%, 0, 0, 0, 2346.67, 1, 126916, 0.01%
1579500340, 0, 0, 3, 0, 0, 0.01%, 0, 0, 0, 2866.67, 1, 127776, 0.01%
1579500340, 0, 0, 3, 0, 0, 0.01%, 0, 0, 0, 1950.00, 1, 128361, 0.01%
1579500341, 0, 0, 3, 0, 0, 0.01%, 0, 0, 0, 2066.67, 1, 128981, 0.01%
1579500341, 0, 0, 3, 0, 0, 0.01%, 0, 0, 0, 2840.00, 1, 129833, 0.01%
1579500341, 0, 0, 3, 0, 0, 0.01%, 0, 0, 0, 2216.67, 1, 130498, 0.01%
1579500342, 0, 0, 3, 0, 0, 0.01%, 0, 0, 0, 2190.00, 1, 131155, 0.01%
1579500342, 0, 0, 3, 0, 0, 0.01%, 0, 0, 0, 2556.67, 1, 131922, 0.01%
1579500342, 0, 0, 3, 0, 0, 0.01%, 0, 0, 0, 2130.00, 1, 132561, 0.01%
1579500343, 0, 0, 3, 0, 0, 0.01%, 0, 0, 0, 2350.00, 1, 133266, 0.01%
1579500343, 0, 0, 3, 0, 0, 0.01%, 0, 0, 0, 2763.33, 1, 134095, 0.01%
1579500343, 0, 0, 3, 0, 0, 0.01%, 0, 0, 0, 2770.00, 1, 134926, 0.01%
1579500343, 0, 0, 3, 0, 0, 0.01%, 0, 0, 0, 2426.67, 1, 135654, 0.01%
1579500344, 0, 0, 3, 0, 0, 0.01%, 0, 0, 0, 1750.00, 1, 136179, 0.01%
1579500344, 0, 0, 3, 0, 0, 0.01%, 0, 0, 0, 2233.33, 1, 136849, 0.01%
1579500344, 0, 0, 3, 0, 0, 0.01%, 0, 0, 0, 2223.33, 1, 137516, 0.01%
1579500345, 0, 0, 3, 0, 0, 0.01%, 0, 0, 0, 2726.67, 1, 138334, 0.01%
1579500345, 0, 0, 3, 0, 0, 0.01%, 0, 0, 0, 1216.67, 1, 138699, 0.01%
1579500345, 0, 0, 3, 0, 0, 0.01%, 0, 0, 0, 761.15, 1, 138938, 0.01%
1579500346, 0, 0, 3, 0, 0, 0.01%, 0, 0, 0, 2456.67, 1, 139675, 0.01%
1579500346, 0, 0, 3, 0, 0, 0.01%, 0, 0, 0, 2816.67, 1, 140520, 0.01%
1579500346, 0, 0, 3, 0, 0, 0.01%, 0, 0, 0, 2056.67, 1, 141137, 0.01%
1579500347, 0, 0, 3, 0, 0, 0.01%, 0, 0, 0, 1993.33, 1, 141735, 0.01%
1579500347, 0, 0, 3, 0, 0, 0.01%, 0, 0, 0, 2096.67, 1, 142364, 0.01%
1579500347, 0, 0, 3, 0, 0, 0.01%, 0, 0, 0, 2126.67, 1, 143002, 0.01%
1579500347, 0, 0, 3, 0, 0, 0.01%, 0, 0, 0, 2040.00, 1, 143614, 0.01%
1579500348, 0, 0, 3, 0, 0, 0.01%, 0, 0, 0, 2356.67, 1, 144321, 0.01%
1579500348, 0, 0, 3, 0, 0, 0.01%, 0, 0, 0, 2400.00, 1, 145041, 0.01%
1579500348, 0, 0, 3, 0, 0, 0.01%, 0, 0, 0, 1916.67, 1, 145616, 0.01%
1579500349, 0, 0, 3, 0, 0, 0.01%, 0, 0, 0, 1410.00, 1, 146039, 0.01%
1579500349, 0, 0, 3, 0, 0, 0.01%, 0, 0, 0, 2050.00, 1, 146654, 0.01%
1579500349, 0, 0, 3, 0, 0, 0.01%, 0, 0, 0, 2453.33, 1, 147390, 0.01%
1579500350, 0, 0, 3, 0, 0, 0.01%, 0, 0, 0, 1866.67, 1, 147950, 0.01%
1579500350, 0, 0, 3, 0, 0, 0.01%, 0, 0, 0, 2733.33, 1, 148770, 0.01%
1579500350, 0, 0, 3, 0, 0, 0.01%, 0, 0, 0, 2923.33, 1, 149647, 0.01%
1579500350, 0, 0, 3, 0, 0, 0.01%, 0, 0, 0, 2546.67, 1, 150411, 0.01%
1579500351, 0, 0, 3, 0, 0, 0.01%, 0, 0, 0, 2556.67, 1, 151178, 0.01%
1579500351, 0, 0, 3, 0, 0, 0.01%, 0, 0, 0, 2413.33, 1, 151902, 0.01%
1579500351, 0, 0, 3, 0, 0, 0.01%, 0, 0, 0, 2773.33, 1, 152734, 0.01%
1579500352, 0, 0, 3, 0, 0, 0.01%, 0, 0, 0, 2676.67, 1, 153537, 0.01%
1579500352, 0, 0, 3, 0, 0, 0.01%, 0, 0, 0, 2260.00, 1, 154215, 0.01%
1579500352, 0, 0, 3, 0, 0, 0.01%, 0, 0, 0, 2323.33, 1, 154912, 0.01%
1579500353, 0, 0, 3, 0, 0, 0.01%, 0, 0, 0, 2520.00, 1, 155668, 0.01%
1579500353, 0, 0, 3, 0, 0, 0.01%, 0, 0, 0, 2183.33, 1, 156323, 0.01%
1579500353, 0, 0, 3, 0, 0, 0.01%, 0, 0, 0, 2690.00, 1, 157130, 0.01%
1579500353, 0, 0, 3, 0, 0, 0.01%, 0, 0, 0, 2326.67, 1, 157828, 0.01%
1579500354, 0, 0, 3, 0, 0, 0.01%, 0, 0, 0, 2406.67, 1, 158550, 0.01%
1579500354, 0, 0, 3, 0, 0, 0.01%, 0, 0, 0, 2896.67, 1, 159419, 0.01%
1579500354, 0, 0, 3, 0, 0, 0.01%, 0, 0, 0, 2333.33, 1, 160119, 0.01%
1579500355, 0, 0, 3, 0, 0, 0.01%, 0, 0, 0, 2793.33, 1, 160957, 0.01%
1579500355, 0, 0, 3, 0, 0, 0.01%, 0, 0, 0, 2776.67, 1, 161790, 0.01%
1579500355, 0, 0, 3, 0, 0, 0.01%, 0, 0, 0, 1920.00, 1, 162366, 0.01%
1579500356, 0, 0, 3, 0, 0, 0.01%, 0, 0, 0, 2503.33, 1, 163117, 0.01%
1579500356, 0, 0, 3, 0, 0, 0.01%, 0, 0, 0, 2303.33, 1, 163808, 0.01%
1579500356, 0, 0, 3, 0, 0, 0.01%, 0, 0, 0, 2788.78, 1, 164653, 0.01%
1579500356, 0, 0, 3, 0, 0, 0.01%, 0, 0, 0, 2016.67, 1, 165258, 0.01%
1579500357, 0, 0, 3, 0, 0, 0.01%, 0, 0, 0, 2373.33, 1, 165970, 0.01%
1579500357, 0, 0, 3, 0, 0, 0.01%, 0, 0, 0, 2850.00, 1, 166825, 0.01%
1579500357, 0, 0, 3, 0, 0, 0.01%, 0, 0, 0, 775.70, 1, 167074, 0.01%
1579500358, 0, 0, 3, 0, 0, 0.01%, 0, 0, 0, 2340.00, 1, 167776, 0.01%
1579500358, 0, 0, 3, 0, 0, 0.01%, 0, 0, 0, 2840.00, 1, 168628, 0.01%
1579500358, 0, 0, 3, 0, 0, 0.01%, 0, 0, 0, 2086.67, 1, 169254, 0.01%
1579500359, 0, 0, 3, 0, 0, 0.01%, 0, 0, 0, 2216.67, 1, 169919, 0.01%
1579500359, 0, 0, 3, 0, 0, 0.01%, 0, 0, 0, 2023.33, 1, 170526, 0.01%
1579500359, 0, 0, 3, 0, 0, 0.01%, 0, 0, 0, 2786.67, 1, 171362, 0.01%
1579500359, 0, 0, 3, 0, 0, 0.01%, 0, 0, 0, 2446.67, 1, 172096, 0.01%
1579500360, 0, 0, 3, 0, 0, 0.01%, 0, 0, 0, 2944.08, 1, 172991, 0.01%
1579500360, 0, 0, 3, 0, 0, 0.01%, 0, 0, 0, 2226.67, 1, 173659, 0.01%
1579500360, 0, 0, 3, 0, 0, 0.01%, 0, 0, 0, 2883.33, 1, 174524, 0.01%
1579500361, 0, 0, 3, 0, 0, 0.01%, 0, 0, 0, 1798.72, 1, 175087, 0.01%
1579500361, 0, 0, 3, 0, 0, 0.01%, 0, 0, 0, 2326.67, 1, 175785, 0.01%
1579500361, 0, 0, 3, 0, 0, 0.01%, 0, 0, 0, 2086.67, 1, 176411, 0.01%
1579500362, 0, 0, 3, 0, 0, 0.01%, 0, 0, 0, 2586.67, 1, 177187, 0.01%
1579500362, 0, 0, 3, 0, 0, 0.01%, 0, 0, 0, 2640.00, 1, 177979, 0.01%
1579500362, 0, 0, 3, 0, 0, 0.01%, 0, 0, 0, 2810.00, 1, 178822, 0.01%
1579500362, 0, 0, 3, 0, 0, 0.01%, 0, 0, 0, 2046.67, 1, 179436, 0.01%
1579500363, 0, 0, 3, 0, 0, 0.01%, 0, 0, 0, 2603.33, 1, 180217, 0.01%
1579500363, 0, 0, 3, 0, 0, 0.01%, 0, 0, 0, 2950.00, 1, 181102, 0.01%
1579500363, 0, 0, 3, 0, 0, 0.01%, 0, 0, 0, 1873.33, 1, 181664, 0.01%
1579500364, 0, 0, 3, 0, 0, 0.01%, 0, 0, 0, 1883.33, 1, 182229, 0.01%
1579500364, 0, 0, 3, 0, 0, 0.01%, 0, 0, 0, 2943.33, 1, 183112, 0.01%
1579500364, 0, 0, 3, 0, 0, 0.01%, 0, 0, 0, 2600.00, 1, 183892, 0.01%
1579500365, 0, 0, 3, 0, 0, 0.01%, 0, 0, 0, 2333.33, 1, 184592, 0.01%
1579500365, 0, 0, 3, 0, 0, 0.01%, 0, 0, 0, 2833.89, 1, 185445, 0.01%
1579500365, 0, 0, 3, 0, 0, 0.01%, 0, 0, 0, 1588.61, 1, 185947, 0.01%
1579500365, 0, 0, 3, 0, 0, 0.01%, 0, 0, 0, 2043.33, 1, 186560, 0.01%
1579500366, 0, 0, 3, 0, 0, 0.01%, 0, 0, 0, 2673.33, 1, 187362, 0.01%
1579500366, 0, 0, 3, 0, 0, 0.01%, 0, 0, 0, 2563.33, 1, 188131, 0.01%
1579500366, 0, 0, 3, 0, 0, 0.01%, 0, 0, 0, 2193.33, 1, 188789, 0.01%
1579500367, 0, 0, 3, 0, 0, 0.01%, 0, 0, 0, 2213.33, 1, 189453, 0.01%
1579500367, 0, 0, 3, 0, 0, 0.01%, 0, 0, 0, 2256.67, 1, 190130, 0.01%
1579500367, 0, 0, 3, 0, 0, 0.01%, 0, 0, 0, 2740.00, 1, 190952, 0.01%
1579500368, 0, 0, 3, 0, 0, 0.01%, 0, 0, 0, 2366.67, 1, 191662, 0.01%
1579500368, 0, 0, 3, 0, 0, 0.01%, 0, 0, 0, 2366.67, 1, 192372, 0.01%
1579500368, 0, 0, 3, 0, 0, 0.01%, 0, 0, 0, 2986.67, 1, 193268, 0.01%
1579500368, 0, 0, 3, 0, 0, 0.01%, 0, 0, 0, 2143.33, 1, 193911, 0.01%
1579500369, 0, 0, 3, 0, 0, 0.01%, 0, 0, 0, 2176.67, 1, 194564, 0.01%
1579500369, 0, 0, 3, 0, 0, 0.01%, 0, 0, 0, 2836.67, 1, 195415, 0.01%
1579500369, 0, 0, 3, 0, 0, 0.01%, 0, 0, 0, 2523.33, 1, 196172, 0.01%
1579500370, 0, 0, 3, 0, 0, 0.01%, 0, 0, 0, 2470.00, 1, 196913, 0.01%
1579500370, 0, 0, 3, 0, 0, 0.01%, 0, 0, 0, 1956.81, 1, 197502, 0.01%
1579500370, 0, 0, 3, 0, 0, 0.01%, 0, 0, 0, 1896.67, 1, 198071, 0.01%
1579500371, 0, 0, 3, 0, 0, 0.01%, 0, 0, 0, 2166.67, 1, 198721, 0.01%
1579500371, 0, 0, 3, 0, 0, 0.01%, 0, 0, 0, 2846.67, 1, 199575, 0.01%
1579500371, 0, 0, 3, 0, 0, 0.01%, 0, 0, 0, 2213.33, 1, 200239, 0.01%
1579500371, 0, 0, 3, 0, 0, 0.01%, 0, 0, 0, 2205.98, 1, 200903, 0.01%
1579500372, 0, 0, 3, 0, 0, 0.01%, 0, 0, 0, 1836.67, 1, 201454, 0.01%
1579500372, 0, 0, 3, 0, 0, 0.01%, 0, 0, 0, 2750.00, 1, 202279, 0.01%
1579500372, 0, 0, 3, 0, 0, 0.01%, 0, 0, 0, 2386.67, 1, 202995, 0.01%
1579500373, 0, 0, 3, 0, 0, 0.01%, 0, 0, 0, 2273.33, 1, 203677, 0.01%
1579500373, 0, 0, 3, 0, 0, 0.01%, 0, 0, 0, 2126.25, 1, 204317, 0.01%
1579500373, 0, 0, 3, 0, 0, 0.01%, 0, 0, 0, 2150.00, 1, 204962, 0.01%
1579500374, 0, 0, 3, 0, 0, 0.01%, 0, 0, 0, 1973.33, 1, 205554, 0.01%
1579500374, 0, 0, 3, 0, 0, 0.01%, 0, 0, 0, 2230.00, 1, 206223, 0.01%
1579500374, 0, 0, 3, 0, 0, 0.01%, 0, 0, 0, 2056.67, 1, 206840, 0.01%
1579500374, 0, 0, 3, 0, 0, 0.01%, 0, 0, 0, 2196.67, 1, 207499, 0.01%
1579500375, 0, 0, 3, 0, 0, 0.01%, 0, 0, 0, 2816.67, 1, 208344, 0.01%
1579500375, 0, 0, 3, 0, 0, 0.01%, 0, 0, 0, 2283.33, 1, 209029, 0.01%
1579500375, 0, 0, 3, 0, 0, 0.01%, 0, 0, 0, 2860.47, 1, 209890, 0.01%
1579500376, 0, 0, 3, 0, 0, 0.01%, 0, 0, 0, 2290.00, 1, 210577, 0.01%
1579500376, 0, 0, 3, 0, 0, 0.01%, 0, 0, 0, 2143.33, 1, 211220, 0.01%
1579500376, 0, 0, 3, 0, 0, 0.01%, 0, 0, 0, 2286.67, 1, 211906, 0.01%
1579500377, 0, 0, 3, 0, 0, 0.01%, 0, 0, 0, 2940.00, 1, 212788, 0.01%
1579500377, 0, 0, 3, 0, 0, 0.01%, 0, 0, 0, 2096.67, 1, 213417, 0.01%
1579500377, 0, 0, 3, 0, 0, 0.01%, 0, 0, 0, 2146.67, 1, 214061, 0.01%
1579500377, 0, 0, 3, 0, 0, 0.01%, 0, 0, 0, 2450.00, 1, 214796, 0.01%
1579500378, 0, 0, 3, 0, 0, 0.01%, 0, 0, 0, 2864.69, 1, 215664, 0.01%
1579500378, 0, 0, 3, 0, 0, 0.01%, 0, 0, 0, 2243.33, 1, 216337, 0.01%
1579500378, 0, 0, 3, 0, 0, 0.01%, 0, 0, 0, 2133.33, 1, 216977, 0.01%
1579500379, 0, 0, 3, 0, 0, 0.01%, 0, 0, 0, 2073.33, 1, 217599, 0.01%
1579500379, 0, 0, 3, 0, 0, 0.01%, 0, 0, 0, 2090.00, 1, 218226, 0.01%
1579500379, 0, 0, 3, 0, 0, 0.01%, 0, 0, 0, 2360.00, 1, 218934, 0.01%
1579500380, 0, 0, 3, 0, 0, 0.01%, 0, 0, 0, 2943.33, 1, 219817, 0.01%
1579500380, 0, 0, 3, 0, 0, 0.01%, 0, 0, 0, 1946.67, 1, 220401, 0.01%
1579500380, 0, 0, 3, 0, 0, 0.01%, 0, 0, 0, 2223.33, 1, 221068, 0.01%
1579500380, 0, 0, 3, 0, 0, 0.01%, 0, 0, 0, 2020.00, 1, 221674, 0.01%
1579500381, 0, 0, 3, 0, 0, 0.01%, 0, 0, 0, 2600.00, 1, 222454, 0.01%
1579500381, 0, 0, 3, 0, 0, 0.01%, 0, 0, 0, 2226.67, 1, 223122, 0.01%
1579500381, 0, 0, 3, 0, 0, 0.01%, 0, 0, 0, 2220.00, 1, 223788, 0.01%
1579500382, 0, 0, 3, 0, 0, 0.01%, 0, 0, 0, 2010.00, 1, 224391, 0.01%
1579500382, 0, 0, 3, 0, 0, 0.01%, 0, 0, 0, 2063.33, 1, 225010, 0.01%
1579500382, 0, 0, 3, 0, 0, 0.01%, 0, 0, 0, 2346.67, 1, 225714, 0.01%
1579500383, 0, 0, 3, 0, 0, 0.01%, 0, 0, 0, 2203.33, 1, 226375, 0.01%
1579500383, 0, 0, 3, 0, 0, 0.01%, 0, 0, 0, 2653.33, 1, 227171, 0.01%
1579500383, 0, 0, 3, 0, 0, 0.01%, 0, 0, 0, 2209.30, 1, 227836, 0.01%
1579500383, 0, 0, 3, 0, 0, 0.01%, 0, 0, 0, 2256.67, 1, 228513, 0.01%
1579500384, 0, 0, 3, 0, 0, 0.01%, 0, 0, 0, 2886.67, 1, 229379, 0.01%
1579500384, 0, 0, 3, 0, 0, 0.01%, 0, 0, 0, 2416.67, 1, 230104, 0.01%
1579500384, 0, 0, 3, 0, 0, 0.01%, 0, 0, 0, 2230.00, 1, 230773, 0.01%
1579500385, 0, 0, 3, 0, 0, 0.01%, 0, 0, 0, 2806.67, 1, 231615, 0.01%
1579500385, 0, 0, 3, 0, 0, 0.01%, 0, 0, 0, 1943.33, 1, 232198, 0.01%
1579500385, 0, 0, 3, 0, 0, 0.01%, 0, 0, 0, 2876.67, 1, 233061, 0.01%
1579500386, 0, 0, 3, 0, 0, 0.01%, 0, 0, 0, 2743.33, 1, 233884, 0.01%
1579500386, 0, 0, 3, 0, 0, 0.01%, 0, 0, 0, 2170.00, 1, 234535, 0.01%
1579500386, 0, 0, 3, 0, 0, 0.01%, 0, 0, 0, 2395.35, 1, 235256, 0.01%
1579500386, 0, 0, 3, 0, 0, 0.01%, 0, 0, 0, 2475.25, 1, 236006, 0.01%
1579500387, 0, 0, 3, 0, 0, 0.01%, 0, 0, 0, 2586.67, 1, 236782, 0.01%
1579500387, 0, 0, 3, 0, 0, 0.01%, 0, 0, 0, 2420.00, 1, 237508, 0.01%
1579500387, 0, 0, 3, 0, 0, 0.01%, 0, 0, 0, 2810.63, 1, 238354, 0.01%
1579500388, 0, 0, 3, 0, 0, 0.01%, 0, 0, 0, 1980.00, 1, 238948, 0.01%
1579500388, 0, 0, 3, 0, 0, 0.01%, 0, 0, 0, 2943.33, 1, 239831, 0.01%
1579500388, 0, 0, 3, 0, 0, 0.01%, 0, 0, 0, 2323.33, 1, 240528, 0.01%
1579500389, 0, 0, 3, 0, 0, 0.01%, 0, 0, 0, 2883.33, 1, 241393, 0.01%
1579500389, 0, 0, 3, 0, 0, 0.01%, 0, 0, 0, 2593.33, 1, 242171, 0.01%
1579500389, 0, 0, 3, 0, 0, 0.01%, 0, 0, 0, 2243.33, 1, 242844, 0.01%
1579500389, 0, 0, 3, 0, 0, 0.01%, 0, 0, 0, 2636.67, 1, 243635, 0.01%
1579500390, 0, 0, 3, 0, 0, 0.01%, 0, 0, 0, 2423.33, 1, 244362, 0.01%
1579500390, 0, 0, 3, 0, 0, 0.01%, 0, 0, 0, 2430.00, 1, 245091, 0.01%
1579500390, 0, 0, 3, 0, 0, 0.01%, 0, 0, 0, 2536.67, 1, 245852, 0.01%
1579500391, 0, 0, 3, 0, 0, 0.01%, 0, 0, 0, 2853.33, 1, 246708, 0.01%
1579500391, 0, 0, 3, 0, 0, 0.01%, 0, 0, 0, 2076.67, 1, 247331, 0.01%
1579500391, 0, 0, 3, 0, 0, 0.01%, 0, 0, 0, 2310.00, 1, 248024, 0.01%
1579500392, 0, 0, 3, 0, 0, 0.01%, 0, 0, 0, 2850.00, 1, 248879, 0.01%
1579500392, 0, 0, 3, 0, 0, 0.01%, 0, 0, 0, 2366.67, 1, 249589, 0.01%
1579500392, 0, 0, 3, 0, 0, 0.01%, 0, 0, 0, 1973.33, 2, 250180, 0.01%
1579500392, 0, 0, 3, 0, 0, 0.01%, 0, 0, 0, 2680.00, 2, 250984, 0.01%
1579500393, 0, 0, 3, 0, 0, 0.01%, 0, 0, 0, 2142.38, 2, 251631, 0.01%
1579500393, 0, 0, 3, 0, 0, 0.01%, 0, 0, 0, 2110.00, 2, 252264, 0.01%
1579500393, 0, 0, 3, 0, 0, 0.01%, 0, 0, 0, 2153.33, 2, 252910, 0.01%
1579500394, 0, 0, 3, 0, 0, 0.01%, 0, 0, 0, 2843.33, 2, 253763, 0.01%
1579500394, 0, 0, 3, 0, 0, 0.01%, 0, 0, 0, 1774.29, 2, 254329, 0.01%
1579500394, 0, 0, 3, 0, 0, 0.01%, 0, 0, 0, 2346.67, 2, 255033, 0.01%
1579500395, 0, 0, 3, 0, 0, 0.01%, 0, 0, 0, 2646.67, 2, 255827, 0.01%
1579500395, 0, 0, 3, 0, 0, 0.01%, 0, 0, 0, 2516.67, 2, 256582, 0.01%
1579500395, 0, 0, 3, 0, 0, 0.01%, 0, 0, 0, 2270.00, 2, 257263, 0.01%
1579500395, 0, 0, 3, 0, 0, 0.01%, 0, 0, 0, 2313.33, 2, 257957, 0.01%
1579500396, 0, 0, 3, 0, 0, 0.01%, 0, 0, 0, 3026.67, 2, 258865, 0.01%
1579500396, 0, 0, 3, 0, 0, 0.01%, 0, 0, 0, 2463.33, 2, 259604, 0.01%
1579500396, 0, 0, 3, 0, 0, 0.01%, 0, 0, 0, 2200.00, 2, 260264, 0.01%
1579500397, 0, 0, 3, 0, 0, 0.01%, 0, 0, 0, 3040.00, 2, 261176, 0.01%
1579500397, 0, 0, 3, 0, 0, 0.01%, 0, 0, 0, 2633.33, 2, 261966, 0.01%
1579500397, 0, 0, 3, 0, 0, 0.01%, 0, 0, 0, 2286.67, 2, 262652, 0.01%
1579500398, 0, 0, 3, 0, 0, 0.01%, 0, 0, 0, 2850.00, 2, 263507, 0.01%
1579500398, 0, 0, 3, 0, 0, 0.01%, 0, 0, 0, 2533.33, 2, 264267, 0.01%
1579500398, 0, 0, 3, 0, 0, 0.01%, 0, 0, 0, 2280.00, 2, 264951, 0.01%
1579500398, 0, 0, 3, 0, 0, 0.01%, 0, 0, 0, 2616.67, 2, 265736, 0.01%
1579500399, 0, 0, 3, 0, 0, 0.01%, 0, 0, 0, 2750.00, 2, 266561, 0.01%
1579500399, 0, 0, 3, 0, 0, 0.01%, 0, 0, 0, 2106.67, 2, 267193, 0.01%
1579500399, 0, 0, 3, 0, 0, 0.01%, 0, 0, 0, 2310.00, 2, 267886, 0.01%
1579500400, 0, 0, 3, 0, 0, 0.01%, 0, 0, 0, 1683.33, 2, 268391, 0.01%
1579500400, 0, 0, 3, 0, 0, 0.01%, 0, 0, 0, 2260.00, 2, 269069, 0.01%
1579500400, 0, 0, 3, 0, 0, 0.01%, 0, 0, 0, 2096.67, 2, 269698, 0.01%
1579500401, 0, 0, 3, 0, 0, 0.01%, 0, 0, 0, 2856.67, 2, 270555, 0.01%
1579500401, 0, 0, 3, 0, 0, 0.01%, 0, 0, 0, 2069.31, 2, 271182, 0.01%
1579500401, 0, 0, 3, 0, 0, 0.01%, 0, 0, 0, 1803.17, 2, 271750, 0.01%
1579500402, 0, 0, 3, 0, 0, 0.01%, 0, 0, 0, 2150.00, 2, 272395, 0.01%
1579500402, 0, 0, 3, 0, 0, 0.01%, 0, 0, 0, 2006.67, 2, 272997, 0.01%
1579500402, 0, 0, 3, 0, 0, 0.01%, 0, 0, 0, 2620.00, 2, 273783, 0.01%
1579500402, 0, 0, 3, 0, 0, 0.01%, 0, 0, 0, 2853.33, 2, 274639, 0.01%
1579500403, 0, 0, 3, 0, 0, 0.01%, 0, 0, 0, 2276.67, 2, 275322, 0.01%
1579500403, 0, 0, 3, 0, 0, 0.01%, 0, 0, 0, 2123.33, 2, 275959, 0.01%
1579500403, 0, 0, 3, 0, 0, 0.01%, 0, 0, 0, 2123.33, 2, 276596, 0.01%
1579500404, 0, 0, 3, 0, 0, 0.01%, 0, 0, 0, 1960.00, 2, 277184, 0.01%
1579500404, 0, 0, 3, 0, 0, 0.01%, 0, 0, 0, 2640.00, 2, 277976, 0.01%
1579500404, 0, 0, 3, 0, 0, 0.01%, 0, 0, 0, 2960.00, 2, 278864, 0.01%
1579500405, 0, 0, 3, 0, 0, 0.01%, 0, 0, 0, 2160.00, 2, 279512, 0.01%
1579500405, 0, 0, 3, 0, 0, 0.01%, 0, 0, 0, 2590.00, 2, 280289, 0.01%
1579500405, 0, 0, 3, 0, 0, 0.01%, 0, 0, 0, 2314.57, 2, 280988, 0.01%
1579500405, 0, 0, 3, 0, 0, 0.01%, 0, 0, 0, 2950.00, 2, 281873, 0.01%
1579500406, 0, 0, 3, 0, 0, 0.01%, 0, 0, 0, 1863.33, 2, 282432, 0.01%
1579500406, 0, 0, 3, 0, 0, 0.01%, 0, 0, 0, 2206.67, 2, 283094, 0.01%
1579500406, 0, 0, 3, 0, 0, 0.01%, 0, 0, 0, 2570.00, 2, 283865, 0.01%
1579500407, 0, 0, 3, 0, 0, 0.01%, 0, 0, 0, 2218.54, 3, 284534, 0.01%
1579500407, 0, 0, 3, 0, 0, 0.01%, 0, 0, 0, 2313.33, 3, 285228, 0.01%
1579500407, 0, 0, 3, 0, 0, 0.01%, 0, 0, 0, 2560.00, 3, 285996, 0.01%
1579500408, 0, 0, 3, 0, 0, 0.01%, 0, 0, 0, 2716.67, 3, 286811, 0.01%
1579500408, 0, 0, 3, 0, 0, 0.01%, 0, 0, 0, 1970.00, 3, 287402, 0.01%
1579500408, 0, 0, 3, 0, 0, 0.01%, 0, 0, 0, 2216.67, 3, 288067, 0.01%
1579500408, 0, 0, 3, 0, 0, 0.01%, 0, 0, 0, 2963.33, 3, 288956, 0.01%
1579500409, 0, 0, 3, 0, 0, 0.01%, 0, 0, 0, 2866.67, 3, 289816, 0.01%
1579500409, 0, 0, 3, 0, 0, 0.01%, 0, 0, 0, 1552.80, 3, 290316, 0.01%
1579500409, 0, 0, 3, 0, 0, 0.01%, 0, 0, 0, 2733.33, 3, 291136, 0.01%
1579500410, 0, 0, 3, 0, 0, 0.01%, 0, 0, 0, 3383.33, 3, 292151, 0.01%
1579500410, 0, 0, 3, 0, 0, 0.01%, 0, 0, 0, 2420.00, 3, 292877, 0.01%
1579500410, 0, 0, 3, 0, 0, 0.01%, 0, 0, 0, 3046.67, 3, 293791, 0.01%
1579500411, 0, 0, 3, 0, 0, 0.01%, 0, 0, 0, 2303.33, 3, 294482, 0.01%
1579500411, 0, 0, 3, 0, 0, 0.01%, 0, 0, 0, 2336.67, 3, 295183, 0.01%
1579500411, 0, 0, 3, 0, 0, 0.01%, 0, 0, 0, 2940.00, 3, 296065, 0.01%
1579500411, 0, 0, 3, 0, 0, 0.01%, 0, 0, 0, 2516.67, 3, 296820, 0.01%
1579500412, 0, 0, 3, 0, 0, 0.01%, 0, 0, 0, 2336.67, 3, 297521, 0.01%
1579500412, 0, 0, 3, 0, 0, 0.01%, 0, 0, 0, 2900.00, 3, 298391, 0.01%
1579500412, 0, 0, 3, 0, 0, 0.01%, 0, 0, 0, 2216.67, 3, 299056, 0.01%
1579500413, 0, 0, 3, 0, 0, 0.01%, 0, 0, 0, 2160.00, 3, 299704, 0.01%
1579500413, 0, 0, 3, 0, 0, 0.01%, 0, 0, 0, 2847.18, 3, 300561, 0.01%
1579500413, 0, 0, 3, 0, 0, 0.01%, 0, 0, 0, 1790.00, 3, 301098, 0.01%
1579500414, 0, 0, 3, 0, 0, 0.01%, 0, 0, 0, 2163.33, 3, 301747, 0.01%
1579500414, 0, 0, 3, 0, 0, 0.01%, 0, 0, 0, 2653.33, 3, 302543, 0.01%
1579500414, 0, 0, 3, 0, 0, 0.01%, 0, 0, 0, 2770.00, 3, 303374, 0.01%
1579500414, 0, 0, 3, 0, 0, 0.01%, 0, 0, 0, 2586.67, 3, 304150, 0.01%
1579500415, 0, 0, 3, 0, 0, 0.01%, 0, 0, 0, 3023.33, 3, 305057, 0.01%
1579500415, 0, 0, 3, 0, 0, 0.01%, 0, 0, 0, 2110.00, 3, 305690, 0.01%
1579500415, 0, 0, 3, 0, 0, 0.01%, 0, 0, 0, 2320.00, 3, 306386, 0.01%
1579500416, 0, 0, 3, 0, 0, 0.01%, 0, 0, 0, 2616.67, 3, 307171, 0.01%
1579500416, 0, 0, 3, 0, 0, 0.01%, 0, 0, 0, 2450.00, 3, 307906, 0.01%
1579500416, 0, 0, 3, 0, 0, 0.01%, 0, 0, 0, 2153.33, 3, 308552, 0.01%
1579500417, 0, 0, 3, 0, 0, 0.01%, 0, 0, 0, 2643.33, 3, 309345, 0.01%
1579500417, 0, 0, 4, 0, 0, 0.02%, 0, 0, 0, 1386.67, 4, 309760, 0.02%
1579500417, 0, 0, 4, 0, 0, 0.02%, 0, 0, 0, 2590.00, 4, 310537, 0.02%
1579500417, 0, 0, 4, 0, 0, 0.02%, 0, 0, 0, 2930.00, 4, 311416, 0.02%
1579500418, 0, 0, 4, 0, 0, 0.02%, 0, 0, 0, 2593.33, 4, 312194, 0.02%
1579500418, 0, 0, 4, 0, 0, 0.02%, 0, 0, 0, 3473.33, 4, 313236, 0.02%
1579500418, 0, 0, 4, 0, 0, 0.02%, 0, 0, 0, 2906.67, 4, 314108, 0.02%
1579500419, 0, 0, 4, 0, 0, 0.02%, 0, 0, 0, 2763.33, 4, 314937, 0.02%
1579500419, 0, 0, 4, 0, 0, 0.02%, 0, 0, 0, 2440.00, 4, 315669, 0.02%
1579500419, 0, 0, 4, 0, 0, 0.02%, 0, 0, 0, 2624.58, 4, 316459, 0.02%
1579500420, 0, 0, 4, 0, 0, 0.02%, 0, 0, 0, 1674.77, 4, 317010, 0.02%
1579500420, 0, 0, 4, 0, 0, 0.02%, 0, 0, 0, 2760.00, 4, 317838, 0.02%
1579500420, 0, 0, 4, 0, 0, 0.02%, 0, 0, 0, 2720.00, 4, 318654, 0.02%
1579500420, 0, 0, 4, 0, 0, 0.02%, 0, 0, 0, 2153.33, 4, 319300, 0.02%
1579500421, 0, 0, 4, 0, 0, 0.02%, 0, 0, 0, 2713.33, 4, 320114, 0.02%
1579500421, 0, 0, 4, 0, 0, 0.02%, 0, 0, 0, 2243.33, 4, 320787, 0.02%
1579500421, 0, 0, 4, 0, 0, 0.02%, 0, 0, 0, 2920.00, 4, 321663, 0.02%
1579500422, 0, 0, 4, 0, 0, 0.02%, 0, 0, 0, 1973.33, 4, 322255, 0.02%
1579500422, 0, 0, 4, 0, 0, 0.02%, 0, 0, 0, 2786.67, 4, 323091, 0.02%
1579500422, 0, 0, 4, 0, 0, 0.02%, 0, 0, 0, 2780.00, 4, 323925, 0.02%
1579500423, 0, 0, 4, 0, 0, 0.02%, 0, 0, 0, 3420.00, 4, 324951, 0.02%
1579500423, 0, 0, 4, 0, 0, 0.02%, 0, 0, 0, 1916.67, 4, 325526, 0.02%
1579500423, 0, 0, 4, 0, 0, 0.02%, 0, 0, 0, 3173.33, 4, 326478, 0.02%
1579500423, 0, 0, 4, 0, 0, 0.02%, 0, 0, 0, 2692.05, 4, 327291, 0.02%
1579500424, 0, 0, 4, 0, 0, 0.02%, 0, 0, 0, 3480.00, 4, 328335, 0.02%
1579500424, 0, 0, 4, 0, 0, 0.02%, 0, 0, 0, 2340.00, 4, 329037, 0.02%
1579500424, 0, 0, 4, 0, 0, 0.02%, 0, 0, 0, 2966.67, 4, 329927, 0.02%
1579500425, 0, 0, 4, 0, 0, 0.02%, 0, 0, 0, 1930.00, 4, 330506, 0.02%
1579500425, 0, 0, 4, 0, 0, 0.02%, 0, 0, 0, 1793.33, 4, 331044, 0.02%
1579500425, 0, 0, 4, 0, 0, 0.02%, 0, 0, 0, 2723.33, 4, 331861, 0.02%
1579500426, 0, 0, 4, 0, 0, 0.02%, 0, 0, 0, 2083.33, 4, 332486, 0.02%
1579500426, 0, 0, 4, 0, 0, 0.02%, 0, 0, 0, 1890.00, 4, 333053, 0.02%
1579500426, 0, 0, 4, 0, 0, 0.02%, 0, 0, 0, 2846.67, 4, 333907, 0.02%
1579500426, 0, 0, 4, 0, 0, 0.02%, 0, 0, 0, 2416.67, 4, 334632, 0.02%
1579500427, 0, 0, 4, 0, 0, 0.02%, 0, 0, 0, 2073.33, 4, 335254, 0.02%
1579500427, 0, 0, 4, 0, 0, 0.02%, 0, 0, 0, 2726.07, 4, 336080, 0.02%
1579500427, 0, 0, 4, 0, 0, 0.02%, 0, 0, 0, 2228.48, 4, 336753, 0.02%
1579500428, 0, 0, 4, 0, 0, 0.02%, 0, 0, 0, 2536.67, 4, 337514, 0.02%
1579500428, 0, 0, 4, 0, 0, 0.02%, 0, 0, 0, 1993.33, 4, 338112, 0.02%
1579500428, 0, 0, 4, 0, 0, 0.02%, 0, 0, 0, 2900.00, 4, 338982, 0.02%
1579500429, 0, 0, 4, 0, 0, 0.02%, 0, 0, 0, 2793.33, 4, 339820, 0.02%
1579500429, 0, 0, 4, 0, 0, 0.02%, 0, 0, 0, 2203.33, 4, 340481, 0.02%
1579500429, 0, 0, 4, 0, 0, 0.02%, 0, 0, 0, 2480.00, 4, 341225, 0.02%
1579500429, 0, 0, 4, 0, 0, 0.02%, 0, 0, 0, 2748.34, 4, 342055, 0.02%
1579500430, 0, 0, 4, 0, 0, 0.02%, 0, 0, 0, 2166.67, 4, 342705, 0.02%
1579500430, 0, 0, 4, 0, 0, 0.02%, 0, 0, 0, 2210.00, 4, 343368, 0.02%
1579500430, 0, 0, 4, 0, 0, 0.02%, 0, 0, 0, 2636.67, 4, 344159, 0.02%
1579500431, 0, 0, 4, 0, 0, 0.02%, 0, 0, 0, 1900.00, 4, 344729, 0.02%
1579500431, 0, 0, 4, 0, 0, 0.02%, 0, 0, 0, 2233.33, 4, 345399, 0.02%
1579500431, 0, 0, 4, 0, 0, 0.02%, 0, 0, 0, 2686.67, 4, 346205, 0.02%
1579500432, 0, 0, 4, 0, 0, 0.02%, 0, 0, 0, 2096.67, 4, 346834, 0.02%
1579500432, 0, 0, 4, 0, 0, 0.02%, 0, 0, 0, 2293.33, 4, 347522, 0.02%
1579500432, 0, 0, 4, 0, 0, 0.02%, 0, 0, 0, 2810.00, 4, 348365, 0.02%
1579500432, 0, 0, 4, 0, 0, 0.02%, 0, 0, 0, 1528.48, 4, 348848, 0.02%
1579500433, 0, 0, 4, 0, 0, 0.02%, 0, 0, 0, 2676.67, 4, 349651, 0.02%
1579500433, 0, 0, 4, 0, 0, 0.02%, 0, 0, 0, 2133.33, 4, 350291, 0.02%
1579500433, 0, 0, 4, 0, 0, 0.02%, 0, 0, 0, 2266.67, 4, 350971, 0.02%
1579500434, 0, 0, 4, 0, 0, 0.02%, 0, 0, 0, 2653.33, 4, 351767, 0.02%
1579500434, 0, 0, 4, 0, 0, 0.02%, 0, 0, 0, 2093.33, 4, 352395, 0.02%
1579500434, 0, 0, 4, 0, 0, 0.02%, 0, 0, 0, 2263.33, 4, 353074, 0.02%
1579500435, 0, 0, 4, 0, 0, 0.02%, 0, 0, 0, 2600.00, 4, 353854, 0.02%
1579500435, 0, 0, 4, 0, 0, 0.02%, 0, 0, 0, 2380.00, 4, 354568, 0.02%
1579500435, 0, 0, 4, 0, 0, 0.02%, 0, 0, 0, 2833.33, 4, 355418, 0.02%
1579500435, 0, 0, 4, 0, 0, 0.02%, 0, 0, 0, 1986.71, 4, 356016, 0.02%
1579500436, 0, 0, 4, 0, 0, 0.02%, 0, 0, 0, 2423.33, 4, 356743, 0.02%
1579500436, 0, 0, 4, 0, 0, 0.02%, 0, 0, 0, 2360.00, 4, 357451, 0.02%
1579500436, 0, 0, 4, 0, 0, 0.02%, 0, 0, 0, 2813.95, 4, 358298, 0.02%
1579500437, 0, 0, 4, 0, 0, 0.02%, 0, 0, 0, 2156.67, 4, 358945, 0.02%
1579500437, 0, 0, 4, 0, 0, 0.02%, 0, 0, 0, 2176.67, 4, 359598, 0.02%
1579500437, 0, 0, 4, 0, 0, 0.02%, 0, 0, 0, 2795.38, 4, 360445, 0.02%
1579500438, 0, 0, 4, 0, 0, 0.02%, 0, 0, 0, 2103.33, 4, 361076, 0.02%
1579500438, 0, 0, 4, 0, 0, 0.02%, 0, 0, 0, 1916.67, 4, 361651, 0.02%
1579500438, 0, 0, 4, 0, 0, 0.02%, 0, 0, 0, 2657.81, 4, 362451, 0.02%
1579500439, 0, 0, 4, 0, 0, 0.02%, 0, 0, 0, 2066.67, 4, 363071, 0.02%
1579500439, 0, 0, 4, 0, 0, 0.02%, 0, 0, 0, 2233.33, 4, 363741, 0.02%
1579500439, 0, 0, 4, 0, 0, 0.02%, 0, 0, 0, 2040.00, 4, 364353, 0.02%
1579500439, 0, 0, 4, 0, 0, 0.02%, 0, 0, 0, 2440.00, 4, 365085, 0.02%
1579500440, 0, 0, 4, 0, 0, 0.02%, 0, 0, 0, 2006.67, 4, 365687, 0.02%
1579500440, 0, 0, 4, 0, 0, 0.02%, 0, 0, 0, 2717.61, 4, 366505, 0.02%
1579500440, 0, 0, 4, 0, 0, 0.02%, 0, 0, 0, 2203.33, 4, 367166, 0.02%
1579500441, 0, 0, 4, 0, 0, 0.02%, 0, 0, 0, 2096.67, 4, 367795, 0.02%
1579500441, 0, 0, 4, 0, 0, 0.02%, 0, 0, 0, 2230.00, 4, 368464, 0.02%
1579500441, 0, 0, 4, 0, 0, 0.02%, 0, 0, 0, 2820.00, 4, 369310, 0.02%
1579500442, 0, 0, 4, 0, 0, 0.02%, 0, 0, 0, 1663.33, 5, 369808, 0.02%
1579500442, 0, 0, 4, 0, 0, 0.02%, 0, 0, 0, 2146.67, 5, 370452, 0.02%
1579500442, 0, 0, 4, 0, 0, 0.02%, 0, 0, 0, 2680.00, 5, 371256, 0.02%
1579500442, 0, 0, 4, 0, 0, 0.02%, 0, 0, 0, 1850.00, 5, 371811, 0.02%
1579500443, 0, 0, 4, 0, 0, 0.02%, 0, 0, 0, 2136.67, 5, 372452, 0.02%
1579500443, 0, 0, 4, 0, 0, 0.02%, 0, 0, 0, 2863.33, 5, 373311, 0.02%
1579500443, 0, 0, 4, 0, 0, 0.02%, 0, 0, 0, 2720.00, 5, 374127, 0.02%
1579500444, 0, 0, 4, 0, 0, 0.02%, 0, 0, 0, 2463.33, 5, 374866, 0.02%
1579500444, 0, 0, 4, 0, 0, 0.02%, 0, 0, 0, 2856.67, 5, 375723, 0.02%
1579500444, 0, 0, 4, 0, 0, 0.02%, 0, 0, 0, 2160.00, 5, 376371, 0.02%
1579500445, 0, 0, 4, 0, 0, 0.02%, 0, 0, 0, 2543.33, 5, 377134, 0.02%
1579500445, 0, 0, 4, 0, 0, 0.02%, 0, 0, 0, 2293.33, 5, 377822, 0.02%
1579500445, 0, 0, 4, 0, 0, 0.02%, 0, 0, 0, 2610.00, 5, 378605, 0.02%
1579500445, 0, 0, 4, 0, 0, 0.02%, 0, 0, 0, 2293.33, 5, 379293, 0.02%
1579500446, 0, 0, 4, 0, 0, 0.02%, 0, 0, 0, 2793.33, 5, 380131, 0.02%
1579500446, 0, 0, 4, 0, 0, 0.02%, 0, 0, 0, 1491.91, 5, 380592, 0.02%
1579500446, 0, 0, 4, 0, 0, 0.02%, 0, 0, 0, 2213.33, 5, 381256, 0.02%
1579500447, 0, 0, 4, 0, 0, 0.02%, 0, 0, 0, 1980.13, 5, 381854, 0.02%
1579500447, 0, 0, 4, 0, 0, 0.02%, 0, 0, 0, 1558.14, 5, 382323, 0.02%
1579500447, 0, 0, 4, 0, 0, 0.02%, 0, 0, 0, 2203.33, 5, 382984, 0.02%
1579500448, 0, 0, 4, 0, 0, 0.02%, 0, 0, 0, 1996.67, 5, 383583, 0.02%
1579500448, 0, 0, 4, 0, 0, 0.02%, 0, 0, 0, 2473.33, 5, 384325, 0.02%
1579500448, 0, 0, 4, 0, 0, 0.02%, 0, 0, 0, 2776.67, 5, 385158, 0.02%
1579500448, 0, 0, 4, 0, 0, 0.02%, 0, 0, 0, 1966.67, 5, 385748, 0.02%
1579500449, 0, 0, 4, 0, 0, 0.02%, 0, 0, 0, 2530.00, 5, 386507, 0.02%
1579500449, 0, 0, 4, 0, 0, 0.02%, 0, 0, 0, 2366.67, 5, 387217, 0.02%
1579500449, 0, 0, 4, 0, 0, 0.02%, 0, 0, 0, 2336.67, 5, 387918, 0.02%
1579500450, 0, 0, 4, 0, 0, 0.02%, 0, 0, 0, 1933.33, 5, 388498, 0.02%
1579500450, 0, 0, 4, 0, 0, 0.02%, 0, 0, 0, 2493.33, 5, 389246, 0.02%
1579500450, 0, 0, 4, 0, 0, 0.02%, 0, 0, 0, 1846.67, 5, 389800, 0.02%
1579500451, 0, 0, 4, 0, 0, 0.02%, 0, 0, 0, 2296.67, 5, 390489, 0.02%
1579500451, 0, 0, 4, 0, 0, 0.02%, 0, 0, 0, 1960.00, 5, 391077, 0.02%
1579500451, 0, 0, 4, 0, 0, 0.02%, 0, 0, 0, 2480.00, 5, 391821, 0.02%
1579500451, 0, 0, 4, 0, 0, 0.02%, 0, 0, 0, 2093.33, 5, 392449, 0.02%
1579500452, 0, 0, 4, 0, 0, 0.02%, 0, 0, 0, 2130.00, 5, 393088, 0.02%
1579500452, 0, 0, 4, 0, 0, 0.02%, 0, 0, 0, 2186.67, 5, 393744, 0.02%
1579500452, 0, 0, 4, 0, 0, 0.02%, 0, 0, 0, 2893.33, 5, 394612, 0.02%
1579500453, 0, 0, 4, 0, 0, 0.02%, 0, 0, 0, 2416.67, 5, 395337, 0.02%
1579500453, 0, 0, 4, 0, 0, 0.02%, 0, 0, 0, 1986.67, 5, 395933, 0.02%
1579500453, 0, 0, 4, 0, 0, 0.02%, 0, 0, 0, 2173.33, 5, 396585, 0.02%
1579500454, 0, 0, 4, 0, 0, 0.02%, 0, 0, 0, 2108.91, 5, 397224, 0.02%
1579500454, 0, 0, 4, 0, 0, 0.02%, 0, 0, 0, 1876.67, 5, 397787, 0.02%
1579500454, 0, 0, 4, 0, 0, 0.02%, 0, 0, 0, 2146.67, 5, 398431, 0.02%
1579500454, 0, 0, 4, 0, 0, 0.02%, 0, 0, 0, 2697.67, 5, 399243, 0.02%
1579500455, 0, 0, 4, 0, 0, 0.02%, 0, 0, 0, 2062.71, 5, 399868, 0.02%
1579500455, 0, 0, 4, 0, 0, 0.02%, 0, 0, 0, 2253.33, 5, 400544, 0.02%
1579500455, 0, 0, 4, 0, 0, 0.02%, 0, 0, 0, 1630.00, 5, 401033, 0.02%
1579500456, 0, 0, 4, 0, 0, 0.02%, 0, 0, 0, 1495.24, 5, 401504, 0.02%
1579500456, 0, 0, 4, 0, 0, 0.02%, 0, 0, 0, 2063.33, 5, 402123, 0.02%
1579500456, 0, 0, 4, 0, 0, 0.02%, 0, 0, 0, 2086.67, 5, 402749, 0.02%
1579500457, 0, 0, 4, 0, 0, 0.02%, 0, 0, 0, 2836.67, 5, 403600, 0.02%
1579500457, 0, 0, 4, 0, 0, 0.02%, 0, 0, 0, 1767.44, 5, 404132, 0.02%
1579500457, 0, 0, 4, 0, 0, 0.02%, 0, 0, 0, 2740.00, 5, 404954, 0.02%
1579500457, 0, 0, 4, 0, 0, 0.02%, 0, 0, 0, 2106.67, 5, 405586, 0.02%
1579500458, 0, 0, 4, 0, 0, 0.02%, 0, 0, 0, 2566.67, 5, 406356, 0.02%
1579500458, 0, 0, 4, 0, 0, 0.02%, 0, 0, 0, 2056.67, 5, 406973, 0.02%
1579500458, 0, 0, 4, 0, 0, 0.02%, 0, 0, 0, 2173.33, 5, 407625, 0.02%
1579500459, 0, 0, 4, 0, 0, 0.02%, 0, 0, 0, 2760.00, 5, 408453, 0.02%
1579500459, 0, 0, 4, 0, 0, 0.02%, 0, 0, 0, 2193.33, 5, 409111, 0.02%
1579500459, 0, 0, 4, 0, 0, 0.02%, 0, 0, 0, 2089.40, 5, 409742, 0.02%
1579500460, 0, 0, 4, 0, 0, 0.02%, 0, 0, 0, 1920.00, 5, 410318, 0.02%
1579500460, 0, 0, 4, 0, 0, 0.02%, 0, 0, 0, 1541.67, 5, 410799, 0.02%
1579500460, 0, 0, 4, 0, 0, 0.02%, 0, 0, 0, 2380.00, 5, 411513, 0.02%
1579500460, 0, 0, 4, 0, 0, 0.02%, 0, 0, 0, 2850.00, 5, 412368, 0.02%
1579500461, 0, 0, 4, 0, 0, 0.02%, 0, 0, 0, 2133.33, 5, 413008, 0.02%
1579500461, 0, 0, 4, 0, 0, 0.02%, 0, 0, 0, 2710.00, 5, 413821, 0.02%
1579500461, 0, 0, 4, 0, 0, 0.02%, 0, 0, 0, 2053.13, 5, 414478, 0.02%
1579500462, 0, 0, 4, 0, 0, 0.02%, 0, 0, 0, 2130.00, 5, 415117, 0.02%
1579500462, 0, 0, 4, 0, 0, 0.02%, 0, 0, 0, 2396.67, 5, 415836, 0.02%
1579500462, 0, 0, 4, 0, 0, 0.02%, 0, 0, 0, 2143.33, 5, 416479, 0.02%
1579500463, 0, 0, 4, 0, 0, 0.02%, 0, 0, 0, 2976.67, 5, 417372, 0.02%
1579500463, 0, 0, 4, 0, 0, 0.02%, 0, 0, 0, 2723.33, 5, 418189, 0.02%
1579500463, 0, 0, 4, 0, 0, 0.02%, 0, 0, 0, 2536.67, 5, 418950, 0.02%
1579500463, 0, 0, 4, 0, 0, 0.02%, 0, 0, 0, 2436.67, 5, 419681, 0.02%
1579500464, 0, 0, 4, 0, 0, 0.02%, 0, 0, 0, 2090.00, 5, 420308, 0.02%
1579500464, 0, 0, 4, 0, 0, 0.02%, 0, 0, 0, 2239.20, 5, 420982, 0.02%
1579500464, 0, 0, 4, 0, 0, 0.02%, 0, 0, 0, 2866.67, 5, 421842, 0.02%
1579500465, 0, 0, 4, 0, 0, 0.02%, 0, 0, 0, 2486.67, 5, 422588, 0.02%
1579500465, 0, 0, 4, 0, 0, 0.02%, 0, 0, 0, 2226.67, 5, 423256, 0.02%
1579500465, 0, 0, 4, 0, 0, 0.02%, 0, 0, 0, 2876.67, 5, 424119, 0.02%
1579500466, 0, 0, 4, 0, 0, 0.02%, 0, 0, 0, 2100.00, 5, 424749, 0.02%
1579500466, 0, 0, 4, 0, 0, 0.02%, 0, 0, 0, 2133.33, 5, 425389, 0.02%
1579500466, 0, 0, 4, 0, 0, 0.02%, 0, 0, 0, 2723.33, 5, 426206, 0.02%
1579500466, 0, 0, 4, 0, 0, 0.02%, 0, 0, 0, 2220.00, 5, 426872, 0.02%
1579500467, 0, 0, 4, 0, 0, 0.02%, 0, 0, 0, 2233.33, 5, 427542, 0.02%
1579500467, 0, 0, 4, 0, 0, 0.02%, 0, 0, 0, 2863.33, 5, 428401, 0.02%
1579500467, 0, 0, 4, 0, 0, 0.02%, 0, 0, 0, 2183.33, 5, 429056, 0.02%
1579500468, 0, 0, 4, 0, 0, 0.02%, 0, 0, 0, 2496.67, 5, 429805, 0.02%
1579500468, 0, 0, 4, 0, 0, 0.02%, 0, 0, 0, 2804.64, 5, 430652, 0.02%
1579500468, 0, 0, 4, 0, 0, 0.02%, 0, 0, 0, 2306.67, 5, 431344, 0.02%
1579500469, 0, 0, 4, 0, 0, 0.02%, 0, 0, 0, 2246.67, 5, 432018, 0.02%
1579500469, 0, 0, 4, 0, 0, 0.02%, 0, 0, 0, 2600.00, 6, 432797, 0.02%
1579500469, 0, 0, 4, 0, 0, 0.02%, 0, 0, 0, 2610.00, 6, 433580, 0.02%
1579500469, 0, 0, 4, 0, 0, 0.02%, 0, 0, 0, 2290.00, 6, 434267, 0.02%
1579500470, 0, 0, 4, 0, 0, 0.02%, 0, 0, 0, 1976.67, 6, 434860, 0.02%
1579500470, 0, 0, 4, 0, 0, 0.02%, 0, 0, 0, 2246.67, 6, 435534, 0.02%
1579500470, 0, 0, 4, 0, 0, 0.02%, 0, 0, 0, 2796.67, 6, 436373, 0.02%
1579500471, 0, 0, 4, 0, 0, 0.02%, 0, 0, 0, 2336.67, 6, 437074, 0.02%
1579500471, 0, 0, 4, 0, 0, 0.02%, 0, 0, 0, 2083.33, 6, 437699, 0.02%
1579500471, 0, 0, 4, 0, 0, 0.02%, 0, 0, 0, 1913.33, 6, 438273, 0.02%
1579500472, 0, 0, 4, 0, 0, 0.02%, 0, 0, 0, 2016.67, 6, 438878, 0.02%
1579500472, 0, 0, 4, 0, 0, 0.02%, 0, 0, 0, 2073.33, 6, 439500, 0.02%
1579500472, 0, 0, 4, 0, 0, 0.02%, 0, 0, 0, 2206.67, 6, 440162, 0.02%
1579500472, 0, 0, 4, 0, 0, 0.02%, 0, 0, 0, 2323.33, 6, 440859, 0.02%
1579500473, 0, 0, 4, 0, 0, 0.02%, 0, 0, 0, 2754.97, 6, 441691, 0.02%
1579500473, 0, 0, 4, 0, 0, 0.02%, 0, 0, 0, 2173.33, 6, 442343, 0.02%
1579500473, 0, 0, 4, 0, 0, 0.02%, 0, 0, 0, 1973.33, 6, 442935, 0.02%
1579500474, 0, 0, 4, 0, 0, 0.02%, 0, 0, 0, 2780.00, 6, 443769, 0.02%
1579500474, 0, 0, 4, 0, 0, 0.02%, 0, 0, 0, 2353.33, 6, 444475, 0.02%
1579500474, 0, 0, 4, 0, 0, 0.02%, 0, 0, 0, 2220.00, 6, 445141, 0.02%
1579500475, 0, 0, 4, 0, 0, 0.02%, 0, 0, 0, 2776.67, 6, 445974, 0.02%
1579500475, 0, 0, 4, 0, 0, 0.02%, 0, 0, 0, 2053.33, 6, 446590, 0.02%
1579500475, 0, 0, 4, 0, 0, 0.02%, 0, 0, 0, 2813.33, 6, 447434, 0.02%
1579500475, 0, 0, 4, 0, 0, 0.02%, 0, 0, 0, 2900.00, 6, 448304, 0.02%
1579500476, 0, 0, 4, 0, 0, 0.02%, 0, 0, 0, 2080.00, 6, 448928, 0.02%
1579500476, 0, 0, 4, 0, 0, 0.02%, 0, 0, 0, 2800.00, 6, 449768, 0.02%
1579500476, 0, 0, 4, 0, 0, 0.02%, 0, 0, 0, 1970.00, 6, 450359, 0.02%
1579500477, 0, 0, 4, 0, 0, 0.02%, 0, 0, 0, 2813.33, 6, 451203, 0.02%
1579500477, 0, 0, 4, 0, 0, 0.02%, 0, 0, 0, 2841.58, 6, 452064, 0.02%
1579500477, 0, 0, 4, 0, 0, 0.02%, 0, 0, 0, 2210.00, 6, 452727, 0.02%
1579500478, 0, 0, 4, 0, 0, 0.02%, 0, 0, 0, 2043.33, 6, 453340, 0.02%
1579500478, 0, 0, 4, 0, 0, 0.02%, 0, 0, 0, 2610.00, 6, 454123, 0.02%
1579500478, 0, 0, 4, 0, 0, 0.02%, 0, 0, 0, 1953.33, 6, 454709, 0.02%
1579500478, 0, 0, 4, 0, 0, 0.02%, 0, 0, 0, 2253.33, 6, 455385, 0.02%
1579500479, 0, 0, 4, 0, 0, 0.02%, 0, 0, 0, 2123.33, 6, 456022, 0.02%
1579500479, 0, 0, 4, 0, 0, 0.02%, 0, 0, 0, 2740.00, 6, 456844, 0.02%
1579500479, 0, 0, 4, 0, 0, 0.02%, 0, 0, 0, 1493.90, 6, 457334, 0.02%
1579500480, 0, 0, 4, 0, 0, 0.02%, 0, 0, 0, 1777.41, 7, 457868, 0.02%
1579500480, 0, 0, 4, 0, 0, 0.02%, 0, 0, 0, 1620.00, 7, 458354, 0.02%
1579500480, 0, 0, 4, 0, 0, 0.02%, 0, 0, 0, 2056.67, 7, 458971, 0.02%
1579500481, 0, 0, 4, 0, 0, 0.02%, 0, 0, 0, 2530.00, 7, 459730, 0.02%
1579500481, 0, 0, 4, 0, 0, 0.02%, 0, 0, 0, 2680.00, 7, 460534, 0.02%
1579500481, 0, 0, 4, 0, 0, 0.02%, 0, 0, 0, 2176.67, 7, 461187, 0.02%
1579500482, 0, 0, 4, 0, 0, 0.02%, 0, 0, 0, 2146.67, 7, 461831, 0.02%
1579500482, 0, 0, 4, 0, 0, 0.02%, 0, 0, 0, 2003.30, 7, 462438, 0.02%
1579500482, 0, 0, 4, 0, 0, 0.02%, 0, 0, 0, 1879.87, 7, 463017, 0.02%
1579500482, 0, 0, 4, 0, 0, 0.02%, 0, 0, 0, 2473.33, 7, 463759, 0.02%
1579500483, 0, 0, 4, 0, 0, 0.02%, 0, 0, 0, 2780.00, 7, 464593, 0.02%
1579500483, 0, 0, 4, 0, 0, 0.02%, 0, 0, 0, 2186.67, 7, 465249, 0.02%
1579500483, 0, 0, 4, 0, 0, 0.02%, 0, 0, 0, 1920.00, 7, 465825, 0.02%
1579500484, 0, 0, 4, 0, 0, 0.02%, 0, 0, 0, 2333.33, 7, 466525, 0.02%
1579500484, 0, 0, 4, 0, 0, 0.02%, 0, 0, 0, 2692.05, 7, 467338, 0.02%
1579500484, 0, 0, 4, 0, 0, 0.02%, 0, 0, 0, 2180.00, 7, 467992, 0.02%
1579500485, 0, 0, 4, 0, 0, 0.02%, 0, 0, 0, 2803.33, 7, 468833, 0.02%
1579500485, 0, 0, 4, 0, 0, 0.02%, 0, 0, 0, 2767.44, 7, 469666, 0.02%
1579500485, 0, 0, 4, 0, 0, 0.02%, 0, 0, 0, 2153.33, 7, 470312, 0.02%
