# unix_time, cycles_done, cur_path, paths_total, pending_total, pending_favs, map_size, unique_crashes, unique_hangs, max_depth, execs_per_sec, valid_inputs, invalid_inputs, valid_cov
1579642654, 0, 0, 1, 0, 0, 0.01%, 0, 0, 0, 0.51, 1, 0, 0.01%
1579642654, 0, 0, 1, 0, 0, 0.01%, 0, 0, 0, 74.18, 26, 0, 0.01%
1579642654, 0, 0, 1, 0, 0, 0.01%, 0, 0, 0, 96.35, 55, 0, 0.01%
1579642654, 0, 0, 1, 0, 0, 0.01%, 0, 0, 0, 94.46, 84, 0, 0.01%
1579642655, 0, 0, 1, 0, 0, 0.01%, 0, 0, 0, 132.49, 126, 0, 0.01%
1579642655, 0, 0, 1, 0, 0, 0.01%, 0, 0, 0, 426.04, 270, 0, 0.01%
1579642655, 0, 0, 1, 0, 0, 0.01%, 0, 0, 0, 357.80, 387, 0, 0.01%
1579642656, 0, 0, 1, 0, 0, 0.01%, 0, 0, 0, 348.97, 506, 0, 0.01%
1579642656, 0, 0, 1, 0, 0, 0.01%, 0, 0, 0, 236.67, 577, 0, 0.01%
1579642656, 0, 0, 1, 0, 0, 0.01%, 0, 0, 0, 273.33, 659, 0, 0.01%
1579642657, 0, 0, 1, 0, 0, 0.01%, 0, 0, 0, 308.57, 767, 0, 0.01%
1579642657, 0, 0, 1, 0, 0, 0.01%, 0, 0, 0, 444.08, 902, 0, 0.01%
1579642657, 0, 0, 1, 0, 0, 0.01%, 0, 0, 0, 376.44, 1033, 0, 0.01%
1579642658, 0, 0, 1, 0, 0, 0.01%, 0, 0, 0, 536.67, 1194, 0, 0.01%
1579642658, 0, 0, 1, 0, 0, 0.01%, 0, 0, 0, 400.00, 1314, 0, 0.01%
1579642658, 0, 0, 1, 0, 0, 0.01%, 0, 0, 0, 610.56, 1499, 0, 0.01%
1579642659, 0, 0, 1, 0, 0, 0.01%, 0, 0, 0, 142.86, 1546, 0, 0.01%
1579642659, 0, 0, 1, 0, 0, 0.01%, 0, 0, 0, 573.33, 1718, 0, 0.01%
1579642659, 0, 0, 1, 0, 0, 0.01%, 0, 0, 0, 243.33, 1791, 0, 0.01%
1579642660, 0, 0, 1, 0, 0, 0.01%, 0, 0, 0, 507.99, 1950, 0, 0.01%
1579642660, 0, 0, 1, 0, 0, 0.01%, 0, 0, 0, 614.38, 2138, 0, 0.01%
1579642660, 0, 0, 1, 0, 0, 0.01%, 0, 0, 0, 752.24, 2390, 0, 0.01%
1579642661, 0, 0, 1, 0, 0, 0.01%, 0, 0, 0, 655.79, 2611, 0, 0.01%
1579642661, 0, 0, 1, 0, 0, 0.01%, 0, 0, 0, 592.72, 2790, 0, 0.01%
1579642661, 0, 0, 1, 0, 0, 0.01%, 0, 0, 0, 916.67, 3065, 0, 0.01%
1579642661, 0, 0, 1, 0, 0, 0.01%, 0, 0, 0, 581.40, 3240, 0, 0.01%
1579642662, 0, 0, 1, 0, 0, 0.01%, 0, 0, 0, 946.84, 3525, 0, 0.01%
1579642662, 0, 0, 1, 0, 0, 0.01%, 0, 0, 0, 771.52, 3758, 0, 0.01%
1579642662, 0, 0, 1, 0, 0, 0.01%, 0, 0, 0, 361.64, 3873, 0, 0.01%
1579642663, 0, 0, 1, 0, 0, 0.01%, 0, 0, 0, 766.67, 4103, 0, 0.01%
1579642663, 0, 0, 1, 0, 0, 0.01%, 0, 0, 0, 753.33, 4329, 0, 0.01%
1579642663, 0, 0, 1, 0, 0, 0.01%, 0, 0, 0, 870.43, 4591, 0, 0.01%
