# unix_time, cycles_done, cur_path, paths_total, pending_total, pending_favs, map_size, unique_crashes, unique_hangs, max_depth, execs_per_sec, valid_inputs, invalid_inputs, valid_cov
1577493107, 0, 0, 1, 0, 0, 0.01%, 0, 0, 0, 0.44, 1, 0, 0.01%
1577493108, 0, 0, 1, 0, 0, 0.01%, 0, 0, 0, 83.33, 26, 0, 0.01%
1577493108, 0, 0, 1, 0, 0, 0.01%, 0, 0, 0, 143.31, 71, 0, 0.01%
1577493108, 0, 0, 1, 0, 0, 0.01%, 0, 0, 0, 305.92, 164, 0, 0.01%
1577493109, 0, 0, 1, 0, 0, 0.01%, 0, 0, 0, 306.93, 257, 0, 0.01%
1577493109, 0, 0, 1, 0, 0, 0.01%, 0, 0, 0, 417.76, 384, 0, 0.01%
1577493109, 0, 0, 1, 0, 0, 0.01%, 0, 0, 0, 421.05, 512, 0, 0.01%
1577493110, 0, 0, 1, 0, 0, 0.01%, 0, 0, 0, 266.45, 593, 0, 0.01%
1577493110, 0, 0, 1, 0, 0, 0.01%, 0, 0, 0, 491.75, 742, 0, 0.01%
1577493110, 0, 0, 1, 0, 0, 0.01%, 0, 0, 0, 397.35, 862, 0, 0.01%
1577493111, 0, 0, 1, 0, 0, 0.01%, 0, 0, 0, 377.36, 982, 0, 0.01%
1577493111, 1, 0, 1, 0, 0, 0.01%, 0, 0, 0, 416.67, 1112, 0, 0.01%
1577493111, 1, 0, 1, 0, 0, 0.01%, 0, 0, 0, 418.53, 1243, 0, 0.01%
1577493111, 1, 0, 1, 0, 0, 0.01%, 0, 0, 0, 426.67, 1371, 0, 0.01%
1577493112, 1, 0, 1, 0, 0, 0.01%, 0, 0, 0, 503.33, 1522, 0, 0.01%
1577493112, 1, 0, 1, 0, 0, 0.01%, 0, 0, 0, 545.45, 1690, 0, 0.01%
1577493112, 1, 0, 1, 0, 0, 0.01%, 0, 0, 0, 433.33, 1820, 0, 0.01%
1577493113, 1, 0, 1, 0, 0, 0.01%, 0, 0, 0, 411.96, 1944, 0, 0.01%
1577493113, 2, 0, 1, 0, 0, 0.01%, 0, 0, 0, 552.63, 2112, 0, 0.01%
1577493113, 2, 0, 1, 0, 0, 0.01%, 0, 0, 0, 425.74, 2241, 0, 0.01%
1577493114, 2, 0, 1, 0, 0, 0.01%, 0, 0, 0, 578.95, 2417, 0, 0.01%
1577493114, 2, 0, 1, 0, 0, 0.01%, 0, 0, 0, 619.21, 2604, 0, 0.01%
1577493114, 2, 0, 1, 0, 0, 0.01%, 0, 0, 0, 623.33, 2791, 0, 0.01%
1577493114, 2, 0, 1, 0, 0, 0.01%, 0, 0, 0, 566.67, 2961, 0, 0.01%
1577493115, 3, 0, 1, 0, 0, 0.01%, 0, 0, 0, 640.00, 3153, 0, 0.01%
1577493115, 3, 0, 1, 0, 0, 0.01%, 0, 0, 0, 536.67, 3314, 0, 0.01%
1577493115, 3, 0, 1, 0, 0, 0.01%, 0, 0, 0, 588.82, 3493, 0, 0.01%
1577493116, 3, 0, 1, 0, 0, 0.01%, 0, 0, 0, 843.33, 3746, 0, 0.01%
1577493116, 3, 0, 1, 0, 0, 0.01%, 0, 0, 0, 807.31, 3989, 0, 0.01%
1577493116, 4, 0, 1, 0, 0, 0.01%, 0, 0, 0, 832.24, 4242, 0, 0.01%
1577493117, 4, 0, 1, 0, 0, 0.01%, 0, 0, 0, 776.67, 4475, 0, 0.01%
1577493117, 4, 0, 1, 0, 0, 0.01%, 0, 0, 0, 711.04, 4694, 0, 0.01%
1577493117, 4, 0, 1, 0, 0, 0.01%, 0, 0, 0, 490.00, 4841, 0, 0.01%
1577493118, 4, 0, 1, 0, 0, 0.01%, 0, 0, 0, 411.76, 4967, 0, 0.01%
1577493118, 5, 0, 1, 0, 0, 0.01%, 0, 0, 0, 480.65, 5116, 0, 0.01%
1577493118, 5, 0, 1, 0, 0, 0.01%, 0, 0, 0, 493.51, 5268, 0, 0.01%
1577493118, 5, 0, 1, 0, 0, 0.01%, 0, 0, 0, 506.67, 5420, 0, 0.01%
1577493119, 5, 0, 1, 0, 0, 0.01%, 0, 0, 0, 466.88, 5568, 0, 0.01%
1577493119, 5, 0, 1, 0, 0, 0.01%, 0, 0, 0, 427.63, 5698, 0, 0.01%
1577493119, 5, 0, 1, 0, 0, 0.01%, 0, 0, 0, 478.96, 5846, 0, 0.01%
1577493120, 5, 0, 1, 0, 0, 0.01%, 0, 0, 0, 493.38, 5995, 0, 0.01%
1577493120, 6, 0, 1, 0, 0, 0.01%, 0, 0, 0, 446.60, 6133, 0, 0.01%
1577493120, 6, 0, 1, 0, 0, 0.01%, 0, 0, 0, 670.00, 6334, 0, 0.01%
1577493121, 6, 0, 1, 0, 0, 0.01%, 0, 0, 0, 566.67, 6504, 0, 0.01%
1577493121, 6, 0, 1, 0, 0, 0.01%, 0, 0, 0, 670.00, 6705, 0, 0.01%
1577493121, 6, 0, 1, 0, 0, 0.01%, 0, 0, 0, 750.00, 6933, 0, 0.01%
1577493121, 7, 0, 1, 0, 0, 0.01%, 0, 0, 0, 940.59, 7218, 0, 0.01%
1577493122, 7, 0, 1, 0, 0, 0.01%, 0, 0, 0, 778.15, 7453, 0, 0.01%
1577493122, 7, 0, 1, 0, 0, 0.01%, 0, 0, 0, 642.62, 7649, 0, 0.01%
1577493122, 7, 0, 1, 0, 0, 0.01%, 0, 0, 0, 765.68, 7881, 0, 0.01%
1577493123, 8, 0, 1, 0, 0, 0.01%, 0, 0, 0, 943.71, 8166, 0, 0.01%
1577493123, 8, 0, 1, 0, 0, 0.01%, 0, 0, 0, 886.08, 8446, 0, 0.01%
1577493123, 8, 0, 1, 0, 0, 0.01%, 0, 0, 0, 504.98, 8598, 0, 0.01%
1577493124, 8, 0, 1, 0, 0, 0.01%, 0, 0, 0, 456.67, 8735, 0, 0.01%
1577493124, 8, 0, 1, 0, 0, 0.01%, 0, 0, 0, 730.00, 8954, 0, 0.01%
1577493124, 9, 0, 1, 0, 0, 0.01%, 0, 0, 0, 877.89, 9220, 0, 0.01%
1577493125, 9, 0, 1, 0, 0, 0.01%, 0, 0, 0, 930.00, 9499, 0, 0.01%
1577493125, 9, 0, 1, 0, 0, 0.01%, 0, 0, 0, 733.97, 9728, 0, 0.01%
1577493125, 9, 0, 1, 0, 0, 0.01%, 0, 0, 0, 467.08, 9877, 0, 0.01%
1577493125, 10, 0, 1, 0, 0, 0.01%, 0, 0, 0, 544.55, 10042, 0, 0.01%
1577493126, 10, 0, 1, 0, 0, 0.01%, 0, 0, 0, 492.01, 10196, 0, 0.01%
1577493126, 10, 0, 1, 0, 0, 0.01%, 0, 0, 0, 916.67, 10471, 0, 0.01%
1577493126, 10, 0, 1, 0, 0, 0.01%, 0, 0, 0, 915.31, 10752, 0, 0.01%
1577493127, 10, 0, 1, 0, 0, 0.01%, 0, 0, 0, 626.67, 10940, 0, 0.01%
1577493127, 11, 0, 1, 0, 0, 0.01%, 0, 0, 0, 540.00, 11102, 0, 0.01%
1577493127, 11, 0, 1, 0, 0, 0.01%, 0, 0, 0, 578.78, 11282, 0, 0.01%
1577493128, 11, 0, 1, 0, 0, 0.01%, 0, 0, 0, 598.68, 11464, 0, 0.01%
1577493128, 11, 0, 1, 0, 0, 0.01%, 0, 0, 0, 630.00, 11653, 0, 0.01%
1577493128, 11, 0, 1, 0, 0, 0.01%, 0, 0, 0, 579.80, 11831, 0, 0.01%
1577493128, 12, 0, 1, 0, 0, 0.01%, 0, 0, 0, 607.26, 12015, 0, 0.01%
1577493129, 12, 0, 1, 0, 0, 0.01%, 0, 0, 0, 626.67, 12203, 0, 0.01%
1577493129, 12, 0, 1, 0, 0, 0.01%, 0, 0, 0, 591.36, 12381, 0, 0.01%
1577493129, 12, 0, 1, 0, 0, 0.01%, 0, 0, 0, 564.52, 12556, 0, 0.01%
1577493130, 12, 0, 1, 0, 0, 0.01%, 0, 0, 0, 643.33, 12749, 0, 0.01%
1577493130, 12, 0, 1, 0, 0, 0.01%, 0, 0, 0, 564.78, 12919, 0, 0.01%
1577493130, 13, 0, 1, 0, 0, 0.01%, 0, 0, 0, 590.00, 13096, 0, 0.01%
1577493131, 13, 0, 1, 0, 0, 0.01%, 0, 0, 0, 598.68, 13278, 0, 0.01%
1577493131, 13, 0, 1, 0, 0, 0.01%, 0, 0, 0, 548.17, 13443, 0, 0.01%
1577493131, 13, 0, 1, 0, 0, 0.01%, 0, 0, 0, 617.65, 13632, 0, 0.01%
1577493132, 13, 0, 1, 0, 0, 0.01%, 0, 0, 0, 587.46, 13810, 0, 0.01%
1577493132, 13, 0, 1, 0, 0, 0.01%, 0, 0, 0, 572.37, 13984, 0, 0.01%
1577493132, 14, 0, 1, 0, 0, 0.01%, 0, 0, 0, 930.00, 14263, 0, 0.01%
1577493132, 14, 0, 1, 0, 0, 0.01%, 0, 0, 0, 1107.14, 14604, 0, 0.01%
1577493133, 14, 0, 1, 0, 0, 0.01%, 0, 0, 0, 1171.05, 14960, 0, 0.01%
1577493133, 15, 0, 1, 0, 0, 0.01%, 0, 0, 0, 1063.33, 15279, 0, 0.01%
1577493133, 15, 0, 1, 0, 0, 0.01%, 0, 0, 0, 1156.35, 15634, 0, 0.01%
1577493134, 15, 0, 1, 0, 0, 0.01%, 0, 0, 0, 1176.67, 15987, 0, 0.01%
1577493134, 16, 0, 1, 0, 0, 0.01%, 0, 0, 0, 1100.98, 16325, 0, 0.01%
1577493134, 16, 0, 1, 0, 0, 0.01%, 0, 0, 0, 1138.61, 16670, 0, 0.01%
1577493135, 17, 0, 1, 0, 0, 0.01%, 0, 0, 0, 1133.33, 17010, 0, 0.01%
1577493135, 17, 0, 1, 0, 0, 0.01%, 0, 0, 0, 1084.97, 17342, 0, 0.01%
1577493135, 17, 0, 1, 0, 0, 0.01%, 0, 0, 0, 1092.11, 17674, 0, 0.01%
1577493135, 18, 0, 1, 0, 0, 0.01%, 0, 0, 0, 1134.87, 18019, 0, 0.01%
1577493136, 18, 0, 1, 0, 0, 0.01%, 0, 0, 0, 1171.62, 18374, 0, 0.01%
1577493136, 18, 0, 1, 0, 0, 0.01%, 0, 0, 0, 1140.00, 18716, 0, 0.01%
1577493136, 19, 0, 1, 0, 0, 0.01%, 0, 0, 0, 1106.67, 19048, 0, 0.01%
1577493137, 19, 0, 1, 0, 0, 0.01%, 0, 0, 0, 1150.00, 19393, 0, 0.01%
1577493137, 19, 0, 1, 0, 0, 0.01%, 0, 0, 0, 1140.00, 19735, 0, 0.01%
1577493137, 20, 0, 1, 0, 0, 0.01%, 0, 0, 0, 1003.32, 20037, 0, 0.01%
1577493138, 20, 0, 1, 0, 0, 0.01%, 0, 0, 0, 1110.00, 20370, 0, 0.01%
1577493138, 20, 0, 1, 0, 0, 0.01%, 0, 0, 0, 1111.84, 20708, 0, 0.01%
1577493138, 21, 0, 1, 0, 0, 0.01%, 0, 0, 0, 1180.00, 21062, 0, 0.01%
1577493138, 21, 0, 1, 0, 0, 0.01%, 0, 0, 0, 1127.04, 21408, 0, 0.01%
1577493139, 21, 0, 1, 0, 0, 0.01%, 0, 0, 0, 1158.42, 21759, 0, 0.01%
1577493139, 22, 0, 1, 0, 0, 0.01%, 0, 0, 0, 1132.01, 22102, 0, 0.01%
1577493139, 22, 0, 1, 0, 0, 0.01%, 0, 0, 0, 1121.71, 22443, 0, 0.01%
1577493140, 22, 0, 1, 0, 0, 0.01%, 0, 0, 0, 1201.99, 22806, 0, 0.01%
1577493140, 23, 0, 1, 0, 0, 0.01%, 0, 0, 0, 1045.75, 23126, 0, 0.01%
1577493140, 23, 0, 1, 0, 0, 0.01%, 0, 0, 0, 1168.32, 23480, 0, 0.01%
1577493141, 23, 0, 1, 0, 0, 0.01%, 0, 0, 0, 1161.18, 23833, 0, 0.01%
1577493141, 24, 0, 1, 0, 0, 0.01%, 0, 0, 0, 1132.01, 24176, 0, 0.01%
1577493141, 24, 0, 1, 0, 0, 0.01%, 0, 0, 0, 1132.01, 24519, 0, 0.01%
1577493142, 24, 0, 1, 0, 0, 0.01%, 0, 0, 0, 1161.72, 24871, 0, 0.01%
1577493142, 25, 0, 1, 0, 0, 0.01%, 0, 0, 0, 1065.57, 25196, 0, 0.01%
1577493142, 25, 0, 1, 0, 0, 0.01%, 0, 0, 0, 1145.70, 25542, 0, 0.01%
1577493142, 25, 0, 1, 0, 0, 0.01%, 0, 0, 0, 1163.33, 25891, 0, 0.01%
1577493143, 26, 0, 1, 0, 0, 0.01%, 0, 0, 0, 1133.33, 26231, 0, 0.01%
1577493143, 26, 0, 1, 0, 0, 0.01%, 0, 0, 0, 1056.67, 26548, 0, 0.01%
1577493143, 26, 0, 1, 0, 0, 0.01%, 0, 0, 0, 1143.33, 26891, 0, 0.01%
1577493144, 27, 0, 1, 0, 0, 0.01%, 0, 0, 0, 1093.33, 27219, 0, 0.01%
1577493144, 27, 0, 1, 0, 0, 0.01%, 0, 0, 0, 1210.00, 27582, 0, 0.01%
1577493144, 27, 0, 1, 0, 0, 0.01%, 0, 0, 0, 1098.36, 27917, 0, 0.01%
1577493145, 28, 0, 1, 0, 0, 0.01%, 0, 0, 0, 1118.81, 28256, 0, 0.01%
1577493145, 28, 0, 1, 0, 0, 0.01%, 0, 0, 0, 1146.67, 28600, 0, 0.01%
1577493145, 28, 0, 1, 0, 0, 0.01%, 0, 0, 0, 1110.00, 28933, 0, 0.01%
1577493145, 29, 0, 1, 0, 0, 0.01%, 0, 0, 0, 1133.33, 29273, 0, 0.01%
1577493146, 29, 0, 1, 0, 0, 0.01%, 0, 0, 0, 1160.00, 29621, 0, 0.01%
1577493146, 29, 0, 1, 0, 0, 0.01%, 0, 0, 0, 1090.00, 29948, 0, 0.01%
1577493146, 30, 0, 1, 0, 0, 0.01%, 0, 0, 0, 1196.67, 30307, 0, 0.01%
1577493147, 30, 0, 1, 0, 0, 0.01%, 0, 0, 0, 1022.95, 30619, 0, 0.01%
1577493147, 30, 0, 1, 0, 0, 0.01%, 0, 0, 0, 1112.58, 30955, 0, 0.01%
1577493147, 31, 0, 1, 0, 0, 0.01%, 0, 0, 0, 1101.64, 31291, 0, 0.01%
1577493148, 31, 0, 1, 0, 0, 0.01%, 0, 0, 0, 1177.63, 31649, 0, 0.01%
1577493148, 31, 0, 1, 0, 0, 0.01%, 0, 0, 0, 1161.72, 32001, 0, 0.01%
1577493148, 32, 0, 1, 0, 0, 0.01%, 0, 0, 0, 1095.71, 32333, 0, 0.01%
1577493148, 32, 0, 1, 0, 0, 0.01%, 0, 0, 0, 1196.72, 32698, 0, 0.01%
1577493149, 32, 0, 1, 0, 0, 0.01%, 0, 0, 0, 943.52, 32982, 0, 0.01%
1577493149, 33, 0, 1, 0, 0, 0.01%, 0, 0, 0, 1123.33, 33319, 0, 0.01%
1577493149, 33, 0, 1, 0, 0, 0.01%, 0, 0, 0, 1122.98, 33666, 0, 0.01%
1577493150, 34, 0, 1, 0, 0, 0.01%, 0, 0, 0, 1223.33, 34033, 0, 0.01%
1577493150, 34, 0, 1, 0, 0, 0.01%, 0, 0, 0, 1068.40, 34361, 0, 0.01%
1577493150, 34, 0, 1, 0, 0, 0.01%, 0, 0, 0, 1163.33, 34710, 0, 0.01%
1577493151, 35, 0, 1, 0, 0, 0.01%, 0, 0, 0, 1110.75, 35051, 0, 0.01%
1577493151, 35, 0, 1, 0, 0, 0.01%, 0, 0, 0, 1125.41, 35392, 0, 0.01%
1577493151, 35, 0, 1, 0, 0, 0.01%, 0, 0, 0, 1130.00, 35731, 0, 0.01%
1577493151, 36, 0, 1, 0, 0, 0.01%, 0, 0, 0, 1160.00, 36079, 0, 0.01%
1577493152, 36, 0, 1, 0, 0, 0.01%, 0, 0, 0, 1100.00, 36409, 0, 0.01%
1577493152, 36, 0, 1, 0, 0, 0.01%, 0, 0, 0, 1110.00, 36742, 0, 0.01%
1577493152, 37, 0, 1, 0, 0, 0.01%, 0, 0, 0, 1113.33, 37076, 0, 0.01%
1577493153, 37, 0, 1, 0, 0, 0.01%, 0, 0, 0, 1172.76, 37429, 0, 0.01%
1577493153, 37, 0, 1, 0, 0, 0.01%, 0, 0, 0, 1055.74, 37751, 0, 0.01%
1577493153, 38, 0, 1, 0, 0, 0.01%, 0, 0, 0, 1099.01, 38084, 0, 0.01%
1577493154, 38, 0, 1, 0, 0, 0.01%, 0, 0, 0, 1203.33, 38445, 0, 0.01%
1577493154, 38, 0, 1, 0, 0, 0.01%, 0, 0, 0, 1120.92, 38788, 0, 0.01%
1577493154, 39, 0, 1, 0, 0, 0.01%, 0, 0, 0, 1075.66, 39115, 0, 0.01%
1577493154, 39, 0, 1, 0, 0, 0.01%, 0, 0, 0, 1190.00, 39472, 0, 0.01%
1577493155, 39, 0, 1, 0, 0, 0.01%, 0, 0, 0, 1107.14, 39813, 0, 0.01%
1577493155, 40, 0, 1, 0, 0, 0.01%, 0, 0, 0, 1112.21, 40150, 0, 0.01%
1577493155, 40, 0, 1, 0, 0, 0.01%, 0, 0, 0, 1196.67, 40509, 0, 0.01%
1577493156, 40, 0, 1, 0, 0, 0.01%, 0, 0, 0, 1094.46, 40845, 0, 0.01%
1577493156, 41, 0, 1, 0, 0, 0.01%, 0, 0, 0, 1135.31, 41189, 0, 0.01%
1577493156, 41, 0, 1, 0, 0, 0.01%, 0, 0, 0, 1220.00, 41555, 0, 0.01%
1577493157, 41, 0, 1, 0, 0, 0.01%, 0, 0, 0, 1090.32, 41893, 0, 0.01%
1577493157, 42, 0, 1, 0, 0, 0.01%, 0, 0, 0, 1136.21, 42235, 0, 0.01%
1577493157, 42, 0, 1, 0, 0, 0.01%, 0, 0, 0, 1145.21, 42582, 0, 0.01%
1577493158, 42, 0, 1, 0, 0, 0.01%, 0, 0, 0, 1163.93, 42937, 0, 0.01%
1577493158, 43, 0, 1, 0, 0, 0.01%, 0, 0, 0, 1173.33, 43289, 0, 0.01%
1577493158, 43, 0, 1, 0, 0, 0.01%, 0, 0, 0, 1087.95, 43623, 0, 0.01%
1577493158, 43, 0, 1, 0, 0, 0.01%, 0, 0, 0, 1188.12, 43983, 0, 0.01%
1577493159, 44, 0, 1, 0, 0, 0.01%, 0, 0, 0, 1176.67, 44336, 0, 0.01%
1577493159, 44, 0, 1, 0, 0, 0.01%, 0, 0, 0, 1081.17, 44669, 0, 0.01%
1577493159, 45, 0, 1, 0, 0, 0.01%, 0, 0, 0, 1128.71, 45011, 0, 0.01%
1577493160, 45, 0, 1, 0, 0, 0.01%, 0, 0, 0, 1233.33, 45381, 0, 0.01%
1577493160, 45, 0, 1, 0, 0, 0.01%, 0, 0, 0, 1110.75, 45722, 0, 0.01%
1577493160, 46, 0, 1, 0, 0, 0.01%, 0, 0, 0, 1125.41, 46063, 0, 0.01%
1577493161, 46, 0, 1, 0, 0, 0.01%, 0, 0, 0, 1154.10, 46415, 0, 0.01%
1577493161, 46, 0, 1, 0, 0, 0.01%, 0, 0, 0, 1158.42, 46766, 0, 0.01%
1577493161, 47, 0, 1, 0, 0, 0.01%, 0, 0, 0, 1125.41, 47107, 0, 0.01%
1577493161, 47, 0, 1, 0, 0, 0.01%, 0, 0, 0, 1142.86, 47459, 0, 0.01%
1577493162, 47, 0, 1, 0, 0, 0.01%, 0, 0, 0, 1160.00, 47807, 0, 0.01%
1577493162, 48, 0, 1, 0, 0, 0.01%, 0, 0, 0, 1115.51, 48145, 0, 0.01%
1577493162, 48, 0, 1, 0, 0, 0.01%, 0, 0, 0, 1155.12, 48495, 0, 0.01%
1577493163, 48, 0, 1, 0, 0, 0.01%, 0, 0, 0, 1165.02, 48848, 0, 0.01%
1577493163, 49, 0, 1, 0, 0, 0.01%, 0, 0, 0, 1170.49, 49205, 0, 0.01%
1577493163, 49, 0, 1, 0, 0, 0.01%, 0, 0, 0, 1109.27, 49540, 0, 0.01%
1577493164, 49, 0, 1, 0, 0, 0.01%, 0, 0, 0, 1213.33, 49904, 0, 0.01%
1577493164, 50, 0, 1, 0, 0, 0.01%, 0, 0, 0, 1090.32, 50242, 0, 0.01%
1577493164, 50, 0, 1, 0, 0, 0.01%, 0, 0, 0, 1132.89, 50583, 0, 0.01%
1577493165, 50, 0, 1, 0, 0, 0.01%, 0, 0, 0, 1164.47, 50937, 0, 0.01%
1577493165, 51, 0, 1, 0, 0, 0.01%, 0, 0, 0, 1203.95, 51303, 0, 0.01%
1577493165, 51, 0, 1, 0, 0, 0.01%, 0, 0, 0, 1190.79, 51665, 0, 0.01%
1577493165, 51, 0, 1, 0, 0, 0.01%, 0, 0, 0, 1013.25, 51971, 0, 0.01%
1577493166, 52, 0, 1, 0, 0, 0.01%, 0, 0, 0, 1155.12, 52321, 0, 0.01%
1577493166, 52, 0, 1, 0, 0, 0.01%, 0, 0, 0, 1060.13, 52656, 0, 0.01%
1577493166, 53, 0, 1, 0, 0, 0.01%, 0, 0, 0, 1223.33, 53023, 0, 0.01%
1577493167, 53, 0, 1, 0, 0, 0.01%, 0, 0, 0, 1116.67, 53358, 0, 0.01%
1577493167, 53, 0, 1, 0, 0, 0.01%, 0, 0, 0, 1182.72, 53714, 0, 0.01%
1577493167, 54, 0, 1, 0, 0, 0.01%, 0, 0, 0, 1086.09, 54042, 0, 0.01%
1577493168, 54, 0, 1, 0, 0, 0.01%, 0, 0, 0, 1155.12, 54392, 0, 0.01%
1577493168, 54, 0, 1, 0, 0, 0.01%, 0, 0, 0, 1186.67, 54748, 0, 0.01%
1577493168, 55, 0, 1, 0, 0, 0.01%, 0, 0, 0, 1048.70, 55071, 0, 0.01%
1577493168, 55, 0, 1, 0, 0, 0.01%, 0, 0, 0, 1168.32, 55425, 0, 0.01%
1577493169, 55, 0, 1, 0, 0, 0.01%, 0, 0, 0, 1160.00, 55773, 0, 0.01%
1577493169, 56, 0, 1, 0, 0, 0.01%, 0, 0, 0, 1081.43, 56105, 0, 0.01%
1577493169, 56, 0, 1, 0, 0, 0.01%, 0, 0, 0, 1196.67, 56464, 0, 0.01%
1577493170, 56, 0, 1, 0, 0, 0.01%, 0, 0, 0, 1110.39, 56806, 0, 0.01%
1577493170, 57, 0, 1, 0, 0, 0.01%, 0, 0, 0, 1155.12, 57156, 0, 0.01%
1577493170, 57, 0, 1, 0, 0, 0.01%, 0, 0, 0, 1138.16, 57502, 0, 0.01%
1577493171, 57, 0, 1, 0, 0, 0.01%, 0, 0, 0, 1125.41, 57843, 0, 0.01%
1577493171, 58, 0, 1, 0, 0, 0.01%, 0, 0, 0, 1183.33, 58198, 0, 0.01%
1577493171, 58, 0, 1, 0, 0, 0.01%, 0, 0, 0, 1097.72, 58535, 0, 0.01%
1577493171, 58, 0, 1, 0, 0, 0.01%, 0, 0, 0, 1095.71, 58867, 0, 0.01%
1577493172, 59, 0, 1, 0, 0, 0.01%, 0, 0, 0, 1145.21, 59214, 0, 0.01%
1577493172, 59, 0, 1, 0, 0, 0.01%, 0, 0, 0, 1161.18, 59567, 0, 0.01%
1577493172, 59, 0, 1, 0, 0, 0.01%, 0, 0, 0, 1122.11, 59907, 0, 0.01%
1577493173, 60, 0, 1, 0, 0, 0.01%, 0, 0, 0, 1193.33, 60265, 0, 0.01%
1577493173, 60, 0, 1, 0, 0, 0.01%, 0, 0, 0, 1070.00, 60586, 0, 0.01%
1577493173, 60, 0, 1, 0, 0, 0.01%, 0, 0, 0, 1058.25, 60913, 0, 0.01%
1577493174, 61, 0, 1, 0, 0, 0.01%, 0, 0, 0, 626.67, 61101, 0, 0.01%
1577493174, 61, 0, 1, 0, 0, 0.01%, 0, 0, 0, 623.33, 61288, 0, 0.01%
1577493174, 61, 0, 1, 0, 0, 0.01%, 0, 0, 0, 549.67, 61454, 0, 0.01%
1577493175, 61, 0, 1, 0, 0, 0.01%, 0, 0, 0, 1186.67, 61810, 0, 0.01%
1577493175, 62, 0, 1, 0, 0, 0.01%, 0, 0, 0, 1160.00, 62158, 0, 0.01%
1577493175, 62, 0, 1, 0, 0, 0.01%, 0, 0, 0, 1119.60, 62495, 0, 0.01%
1577493175, 62, 0, 1, 0, 0, 0.01%, 0, 0, 0, 1231.02, 62868, 0, 0.01%
1577493176, 63, 0, 1, 0, 0, 0.01%, 0, 0, 0, 1101.64, 63204, 0, 0.01%
1577493176, 63, 0, 1, 0, 0, 0.01%, 0, 0, 0, 1158.42, 63555, 0, 0.01%
1577493176, 63, 0, 1, 0, 0, 0.01%, 0, 0, 0, 1130.00, 63894, 0, 0.01%
1577493177, 64, 0, 1, 0, 0, 0.01%, 0, 0, 0, 1042.35, 64214, 0, 0.01%
1577493177, 64, 0, 1, 0, 0, 0.01%, 0, 0, 0, 1161.72, 64566, 0, 0.01%
1577493177, 64, 0, 1, 0, 0, 0.01%, 0, 0, 0, 1171.62, 64921, 0, 0.01%
1577493178, 65, 0, 1, 0, 0, 0.01%, 0, 0, 0, 1190.79, 65283, 0, 0.01%
1577493178, 65, 0, 1, 0, 0, 0.01%, 0, 0, 0, 1155.12, 65633, 0, 0.01%
1577493178, 65, 0, 1, 0, 0, 0.01%, 0, 0, 0, 1148.51, 65981, 0, 0.01%
1577493178, 66, 0, 1, 0, 0, 0.01%, 0, 0, 0, 1150.82, 66332, 0, 0.01%
1577493179, 66, 0, 1, 0, 0, 0.01%, 0, 0, 0, 1205.98, 66695, 0, 0.01%
1577493179, 67, 0, 1, 0, 0, 0.01%, 0, 0, 0, 1100.98, 67033, 0, 0.01%
1577493179, 67, 0, 1, 0, 0, 0.01%, 0, 0, 0, 1154.61, 67384, 0, 0.01%
1577493180, 67, 0, 1, 0, 0, 0.01%, 0, 0, 0, 1220.00, 67750, 0, 0.01%
1577493180, 68, 0, 1, 0, 0, 0.01%, 0, 0, 0, 1100.98, 68088, 0, 0.01%
1577493180, 68, 0, 1, 0, 0, 0.01%, 0, 0, 0, 1135.31, 68432, 0, 0.01%
1577493181, 68, 0, 1, 0, 0, 0.01%, 0, 0, 0, 1151.82, 68781, 0, 0.01%
1577493181, 69, 0, 1, 0, 0, 0.01%, 0, 0, 0, 1118.81, 69120, 0, 0.01%
1577493181, 69, 0, 1, 0, 0, 0.01%, 0, 0, 0, 1134.87, 69465, 0, 0.01%
1577493181, 69, 0, 1, 0, 0, 0.01%, 0, 0, 0, 1128.71, 69807, 0, 0.01%
1577493182, 70, 0, 1, 0, 0, 0.01%, 0, 0, 0, 1160.66, 70161, 0, 0.01%
1577493182, 70, 0, 1, 0, 0, 0.01%, 0, 0, 0, 1196.67, 70520, 0, 0.01%
1577493182, 70, 0, 1, 0, 0, 0.01%, 0, 0, 0, 1123.78, 70865, 0, 0.01%
1577493183, 71, 0, 1, 0, 0, 0.01%, 0, 0, 0, 1138.61, 71210, 0, 0.01%
1577493183, 71, 0, 1, 0, 0, 0.01%, 0, 0, 0, 1205.98, 71573, 0, 0.01%
1577493183, 71, 0, 1, 0, 0, 0.01%, 0, 0, 0, 1088.24, 71906, 0, 0.01%
1577493184, 72, 0, 1, 0, 0, 0.01%, 0, 0, 0, 940.40, 72190, 0, 0.01%
1577493184, 72, 0, 1, 0, 0, 0.01%, 0, 0, 0, 1065.57, 72515, 0, 0.01%
1577493184, 72, 0, 1, 0, 0, 0.01%, 0, 0, 0, 1197.37, 72879, 0, 0.01%
1577493185, 73, 0, 1, 0, 0, 0.01%, 0, 0, 0, 1166.11, 73230, 0, 0.01%
1577493185, 73, 0, 1, 0, 0, 0.01%, 0, 0, 0, 1133.55, 73578, 0, 0.01%
1577493185, 73, 0, 1, 0, 0, 0.01%, 0, 0, 0, 1141.45, 73925, 0, 0.01%
1577493185, 74, 0, 1, 0, 0, 0.01%, 0, 0, 0, 1163.33, 74274, 0, 0.01%
1577493186, 74, 0, 1, 0, 0, 0.01%, 0, 0, 0, 1147.06, 74625, 0, 0.01%
1577493186, 74, 0, 1, 0, 0, 0.01%, 0, 0, 0, 1092.11, 74957, 0, 0.01%
1577493186, 75, 0, 1, 0, 0, 0.01%, 0, 0, 0, 1120.00, 75293, 0, 0.01%
1577493187, 75, 0, 1, 0, 0, 0.01%, 0, 0, 0, 1133.99, 75640, 0, 0.01%
1577493187, 75, 0, 1, 0, 0, 0.01%, 0, 0, 0, 1157.89, 75992, 0, 0.01%
1577493187, 76, 0, 1, 0, 0, 0.01%, 0, 0, 0, 1162.25, 76343, 0, 0.01%
1577493188, 76, 0, 1, 0, 0, 0.01%, 0, 0, 0, 1203.33, 76704, 0, 0.01%
1577493188, 77, 0, 1, 0, 0, 0.01%, 0, 0, 0, 1153.33, 77050, 0, 0.01%
1577493188, 77, 0, 1, 0, 0, 0.01%, 0, 0, 0, 1116.67, 77385, 0, 0.01%
1577493188, 77, 0, 1, 0, 0, 0.01%, 0, 0, 0, 1153.33, 77731, 0, 0.01%
1577493189, 78, 0, 1, 0, 0, 0.01%, 0, 0, 0, 1146.67, 78075, 0, 0.01%
1577493189, 78, 0, 1, 0, 0, 0.01%, 0, 0, 0, 1203.33, 78436, 0, 0.01%
1577493189, 78, 0, 1, 0, 0, 0.01%, 0, 0, 0, 1101.31, 78773, 0, 0.01%
1577493190, 79, 0, 1, 0, 0, 0.01%, 0, 0, 0, 1178.22, 79130, 0, 0.01%
1577493190, 79, 0, 1, 0, 0, 0.01%, 0, 0, 0, 1170.00, 79481, 0, 0.01%
1577493190, 79, 0, 1, 0, 0, 0.01%, 0, 0, 0, 1003.26, 79789, 0, 0.01%
1577493191, 80, 0, 1, 0, 0, 0.01%, 0, 0, 0, 1181.52, 80147, 0, 0.01%
1577493191, 80, 0, 1, 0, 0, 0.01%, 0, 0, 0, 1216.67, 80512, 0, 0.01%
1577493191, 80, 0, 1, 0, 0, 0.01%, 0, 0, 0, 996.75, 80819, 0, 0.01%
1577493191, 81, 0, 1, 0, 0, 0.01%, 0, 0, 0, 1145.21, 81166, 0, 0.01%
1577493192, 81, 0, 1, 0, 0, 0.01%, 0, 0, 0, 1167.76, 81521, 0, 0.01%
1577493192, 81, 0, 1, 0, 0, 0.01%, 0, 0, 0, 1161.72, 81873, 0, 0.01%
1577493192, 82, 0, 1, 0, 0, 0.01%, 0, 0, 0, 1148.51, 82221, 0, 0.01%
1577493193, 82, 0, 1, 0, 0, 0.01%, 0, 0, 0, 1152.82, 82568, 0, 0.01%
1577493193, 82, 0, 1, 0, 0, 0.01%, 0, 0, 0, 1133.99, 82915, 0, 0.01%
1577493193, 83, 0, 1, 0, 0, 0.01%, 0, 0, 0, 1135.31, 83259, 0, 0.01%
1577493194, 83, 0, 1, 0, 0, 0.01%, 0, 0, 0, 1210.00, 83622, 0, 0.01%
1577493194, 83, 0, 1, 0, 0, 0.01%, 0, 0, 0, 1163.33, 83971, 0, 0.01%
1577493194, 84, 0, 1, 0, 0, 0.01%, 0, 0, 0, 1133.33, 84311, 0, 0.01%
1577493195, 84, 0, 1, 0, 0, 0.01%, 0, 0, 0, 1120.00, 84647, 0, 0.01%
1577493195, 84, 0, 1, 0, 0, 0.01%, 0, 0, 0, 1130.00, 84986, 0, 0.01%
1577493195, 85, 0, 1, 0, 0, 0.01%, 0, 0, 0, 1192.05, 85346, 0, 0.01%
1577493195, 85, 0, 1, 0, 0, 0.01%, 0, 0, 0, 1131.58, 85690, 0, 0.01%
1577493196, 86, 0, 1, 0, 0, 0.01%, 0, 0, 0, 1204.62, 86055, 0, 0.01%
1577493196, 86, 0, 1, 0, 0, 0.01%, 0, 0, 0, 1153.33, 86401, 0, 0.01%
1577493196, 86, 0, 1, 0, 0, 0.01%, 0, 0, 0, 1032.68, 86717, 0, 0.01%
1577493197, 87, 0, 1, 0, 0, 0.01%, 0, 0, 0, 1190.79, 87079, 0, 0.01%
1577493197, 87, 0, 1, 0, 0, 0.01%, 0, 0, 0, 1213.33, 87443, 0, 0.01%
1577493197, 87, 0, 1, 0, 0, 0.01%, 0, 0, 0, 1116.88, 87787, 0, 0.01%
1577493198, 88, 0, 1, 0, 0, 0.01%, 0, 0, 0, 1158.42, 88138, 0, 0.01%
1577493198, 88, 0, 1, 0, 0, 0.01%, 0, 0, 0, 1225.91, 88507, 0, 0.01%
1577493198, 88, 0, 1, 0, 0, 0.01%, 0, 0, 0, 1094.77, 88842, 0, 0.01%
1577493198, 89, 0, 1, 0, 0, 0.01%, 0, 0, 0, 1132.01, 89185, 0, 0.01%
1577493199, 89, 0, 1, 0, 0, 0.01%, 0, 0, 0, 1165.02, 89538, 0, 0.01%
1577493199, 89, 0, 1, 0, 0, 0.01%, 0, 0, 0, 1125.00, 89880, 0, 0.01%
1577493199, 90, 0, 1, 0, 0, 0.01%, 0, 0, 0, 1177.63, 90238, 0, 0.01%
1577493200, 90, 0, 1, 0, 0, 0.01%, 0, 0, 0, 1151.82, 90587, 0, 0.01%
1577493200, 90, 0, 1, 0, 0, 0.01%, 0, 0, 0, 1168.32, 90941, 0, 0.01%
1577493200, 91, 0, 1, 0, 0, 0.01%, 0, 0, 0, 1200.00, 91301, 0, 0.01%
1577493201, 91, 0, 1, 0, 0, 0.01%, 0, 0, 0, 1048.70, 91624, 0, 0.01%
1577493201, 91, 0, 1, 0, 0, 0.01%, 0, 0, 0, 1148.51, 91972, 0, 0.01%
1577493201, 92, 0, 1, 0, 0, 0.01%, 0, 0, 0, 1140.00, 92314, 0, 0.01%
1577493201, 92, 0, 1, 0, 0, 0.01%, 0, 0, 0, 1019.54, 92627, 0, 0.01%
1577493202, 92, 0, 1, 0, 0, 0.01%, 0, 0, 0, 1151.32, 92977, 0, 0.01%
1577493202, 93, 0, 1, 0, 0, 0.01%, 0, 0, 0, 1243.33, 93350, 0, 0.01%
1577493202, 93, 0, 1, 0, 0, 0.01%, 0, 0, 0, 1149.84, 93703, 0, 0.01%
1577493203, 94, 0, 1, 0, 0, 0.01%, 0, 0, 0, 1121.71, 94044, 0, 0.01%
1577493203, 94, 0, 1, 0, 0, 0.01%, 0, 0, 0, 1200.00, 94404, 0, 0.01%
1577493203, 94, 0, 1, 0, 0, 0.01%, 0, 0, 0, 1097.40, 94742, 0, 0.01%
1577493204, 95, 0, 1, 0, 0, 0.01%, 0, 0, 0, 1191.42, 95103, 0, 0.01%
1577493204, 95, 0, 1, 0, 0, 0.01%, 0, 0, 0, 1223.33, 95470, 0, 0.01%
1577493204, 95, 0, 1, 0, 0, 0.01%, 0, 0, 0, 1156.67, 95817, 0, 0.01%
1577493205, 96, 0, 1, 0, 0, 0.01%, 0, 0, 0, 1180.00, 96171, 0, 0.01%
1577493205, 96, 0, 1, 0, 0, 0.01%, 0, 0, 0, 1133.33, 96511, 0, 0.01%
1577493205, 96, 0, 1, 0, 0, 0.01%, 0, 0, 0, 1153.33, 96857, 0, 0.01%
1577493205, 97, 0, 1, 0, 0, 0.01%, 0, 0, 0, 1178.81, 97213, 0, 0.01%
1577493206, 97, 0, 1, 0, 0, 0.01%, 0, 0, 0, 1156.67, 97560, 0, 0.01%
1577493206, 97, 0, 1, 0, 0, 0.01%, 0, 0, 0, 1087.66, 97895, 0, 0.01%
1577493206, 98, 0, 1, 0, 0, 0.01%, 0, 0, 0, 1164.47, 98249, 0, 0.01%
1577493207, 98, 0, 1, 0, 0, 0.01%, 0, 0, 0, 1156.67, 98596, 0, 0.01%
1577493207, 98, 0, 1, 0, 0, 0.01%, 0, 0, 0, 1113.33, 98930, 0, 0.01%
1577493207, 99, 0, 1, 0, 0, 0.01%, 0, 0, 0, 1192.69, 99289, 0, 0.01%
1577493208, 99, 0, 1, 0, 0, 0.01%, 0, 0, 0, 1153.33, 99635, 0, 0.01%
1577493208, 99, 0, 1, 0, 0, 0.01%, 0, 0, 0, 1150.00, 99980, 0, 0.01%
1577493208, 100, 0, 1, 0, 0, 0.01%, 0, 0, 0, 1143.33, 100323, 0, 0.01%
1577493208, 100, 0, 1, 0, 0, 0.01%, 0, 0, 0, 1153.33, 100669, 0, 0.01%
1577493209, 101, 0, 1, 0, 0, 0.01%, 0, 0, 0, 1153.33, 101015, 0, 0.01%
1577493209, 101, 0, 1, 0, 0, 0.01%, 0, 0, 0, 1156.67, 101362, 0, 0.01%
1577493209, 101, 0, 1, 0, 0, 0.01%, 0, 0, 0, 760.00, 101590, 0, 0.01%
1577493210, 101, 0, 1, 0, 0, 0.01%, 0, 0, 0, 1152.32, 101938, 0, 0.01%
1577493210, 102, 0, 1, 0, 0, 0.01%, 0, 0, 0, 1118.81, 102277, 0, 0.01%
1577493210, 102, 0, 1, 0, 0, 0.01%, 0, 0, 0, 1069.31, 102601, 0, 0.01%
1577493211, 102, 0, 1, 0, 0, 0.01%, 0, 0, 0, 1042.76, 102918, 0, 0.01%
1577493211, 103, 0, 1, 0, 0, 0.01%, 0, 0, 0, 1055.92, 103239, 0, 0.01%
1577493211, 103, 0, 1, 0, 0, 0.01%, 0, 0, 0, 1138.61, 103584, 0, 0.01%
1577493211, 103, 0, 1, 0, 0, 0.01%, 0, 0, 0, 1178.22, 103941, 0, 0.01%
1577493212, 104, 0, 1, 0, 0, 0.01%, 0, 0, 0, 1137.70, 104288, 0, 0.01%
1577493212, 104, 0, 1, 0, 0, 0.01%, 0, 0, 0, 1201.32, 104652, 0, 0.01%
1577493212, 105, 0, 1, 0, 0, 0.01%, 0, 0, 0, 1173.33, 105004, 0, 0.01%
1577493213, 105, 0, 1, 0, 0, 0.01%, 0, 0, 0, 1136.36, 105354, 0, 0.01%
1577493213, 105, 0, 1, 0, 0, 0.01%, 0, 0, 0, 1184.82, 105713, 0, 0.01%
1577493213, 106, 0, 1, 0, 0, 0.01%, 0, 0, 0, 1099.01, 106046, 0, 0.01%
1577493214, 106, 0, 1, 0, 0, 0.01%, 0, 0, 0, 1095.39, 106379, 0, 0.01%
1577493214, 106, 0, 1, 0, 0, 0.01%, 0, 0, 0, 1182.12, 106736, 0, 0.01%
1577493214, 107, 0, 1, 0, 0, 0.01%, 0, 0, 0, 1167.21, 107092, 0, 0.01%
1577493214, 107, 0, 1, 0, 0, 0.01%, 0, 0, 0, 1141.45, 107439, 0, 0.01%
1577493215, 107, 0, 1, 0, 0, 0.01%, 0, 0, 0, 1155.12, 107789, 0, 0.01%
1577493215, 108, 0, 1, 0, 0, 0.01%, 0, 0, 0, 1181.52, 108147, 0, 0.01%
1577493215, 108, 0, 1, 0, 0, 0.01%, 0, 0, 0, 1128.29, 108490, 0, 0.01%
1577493216, 108, 0, 1, 0, 0, 0.01%, 0, 0, 0, 1103.33, 108821, 0, 0.01%
1577493216, 109, 0, 1, 0, 0, 0.01%, 0, 0, 0, 1127.04, 109167, 0, 0.01%
1577493216, 109, 0, 1, 0, 0, 0.01%, 0, 0, 0, 1191.42, 109528, 0, 0.01%
1577493217, 109, 0, 1, 0, 0, 0.01%, 0, 0, 0, 1062.71, 109850, 0, 0.01%
1577493217, 110, 0, 1, 0, 0, 0.01%, 0, 0, 0, 1180.00, 110204, 0, 0.01%
1577493217, 110, 0, 1, 0, 0, 0.01%, 0, 0, 0, 1176.67, 110557, 0, 0.01%
1577493218, 110, 0, 1, 0, 0, 0.01%, 0, 0, 0, 1153.33, 110903, 0, 0.01%
1577493218, 111, 0, 1, 0, 0, 0.01%, 0, 0, 0, 1113.33, 111237, 0, 0.01%
1577493218, 111, 0, 1, 0, 0, 0.01%, 0, 0, 0, 1056.67, 111554, 0, 0.01%
1577493218, 111, 0, 1, 0, 0, 0.01%, 0, 0, 0, 1193.33, 111912, 0, 0.01%
1577493219, 112, 0, 1, 0, 0, 0.01%, 0, 0, 0, 1176.67, 112265, 0, 0.01%
1577493219, 112, 0, 1, 0, 0, 0.01%, 0, 0, 0, 1186.67, 112621, 0, 0.01%
1577493219, 112, 0, 1, 0, 0, 0.01%, 0, 0, 0, 1143.33, 112964, 0, 0.01%
1577493220, 113, 0, 1, 0, 0, 0.01%, 0, 0, 0, 1150.00, 113309, 0, 0.01%
1577493220, 113, 0, 1, 0, 0, 0.01%, 0, 0, 0, 1183.33, 113664, 0, 0.01%
1577493220, 114, 0, 1, 0, 0, 0.01%, 0, 0, 0, 1161.72, 114016, 0, 0.01%
1577493221, 114, 0, 1, 0, 0, 0.01%, 0, 0, 0, 1069.31, 114340, 0, 0.01%
1577493221, 114, 0, 1, 0, 0, 0.01%, 0, 0, 0, 1178.22, 114697, 0, 0.01%
1577493221, 115, 0, 1, 0, 0, 0.01%, 0, 0, 0, 1227.72, 115069, 0, 0.01%
1577493221, 115, 0, 1, 0, 0, 0.01%, 0, 0, 0, 1127.87, 115413, 0, 0.01%
1577493222, 115, 0, 1, 0, 0, 0.01%, 0, 0, 0, 1152.82, 115760, 0, 0.01%
1577493222, 116, 0, 1, 0, 0, 0.01%, 0, 0, 0, 1189.54, 116124, 0, 0.01%
1577493222, 116, 0, 1, 0, 0, 0.01%, 0, 0, 0, 1174.92, 116480, 0, 0.01%
1577493223, 116, 0, 1, 0, 0, 0.01%, 0, 0, 0, 1121.71, 116821, 0, 0.01%
1577493223, 117, 0, 1, 0, 0, 0.01%, 0, 0, 0, 1171.62, 117176, 0, 0.01%
1577493223, 117, 0, 1, 0, 0, 0.01%, 0, 0, 0, 1153.33, 117522, 0, 0.01%
1577493224, 117, 0, 1, 0, 0, 0.01%, 0, 0, 0, 1173.33, 117874, 0, 0.01%
1577493224, 118, 0, 1, 0, 0, 0.01%, 0, 0, 0, 1120.00, 118210, 0, 0.01%
1577493224, 118, 0, 1, 0, 0, 0.01%, 0, 0, 0, 1203.33, 118571, 0, 0.01%
1577493224, 118, 0, 1, 0, 0, 0.01%, 0, 0, 0, 1100.00, 118901, 0, 0.01%
1577493225, 119, 0, 1, 0, 0, 0.01%, 0, 0, 0, 1182.12, 119258, 0, 0.01%
1577493225, 119, 0, 1, 0, 0, 0.01%, 0, 0, 0, 1193.33, 119616, 0, 0.01%
1577493225, 119, 0, 1, 0, 0, 0.01%, 0, 0, 0, 1183.33, 119971, 0, 0.01%
1577493226, 120, 0, 1, 0, 0, 0.01%, 0, 0, 0, 1170.00, 120322, 0, 0.01%
1577493226, 120, 0, 1, 0, 0, 0.01%, 0, 0, 0, 1168.87, 120675, 0, 0.01%
1577493226, 121, 0, 1, 0, 0, 0.01%, 0, 0, 0, 1170.00, 121026, 0, 0.01%
1577493227, 121, 0, 1, 0, 0, 0.01%, 0, 0, 0, 1113.33, 121360, 0, 0.01%
1577493227, 121, 0, 1, 0, 0, 0.01%, 0, 0, 0, 1142.38, 121705, 0, 0.01%
1577493227, 122, 0, 1, 0, 0, 0.01%, 0, 0, 0, 1134.87, 122050, 0, 0.01%
1577493227, 122, 0, 1, 0, 0, 0.01%, 0, 0, 0, 1070.00, 122371, 0, 0.01%
1577493228, 122, 0, 1, 0, 0, 0.01%, 0, 0, 0, 1225.91, 122740, 0, 0.01%
1577493228, 123, 0, 1, 0, 0, 0.01%, 0, 0, 0, 1077.42, 123074, 0, 0.01%
1577493228, 123, 0, 1, 0, 0, 0.01%, 0, 0, 0, 1181.52, 123432, 0, 0.01%
1577493229, 123, 0, 1, 0, 0, 0.01%, 0, 0, 0, 1142.38, 123777, 0, 0.01%
1577493229, 124, 0, 1, 0, 0, 0.01%, 0, 0, 0, 1167.76, 124132, 0, 0.01%
1577493229, 124, 0, 1, 0, 0, 0.01%, 0, 0, 0, 1206.67, 124494, 0, 0.01%
1577493230, 124, 0, 1, 0, 0, 0.01%, 0, 0, 0, 1110.75, 124835, 0, 0.01%
1577493230, 125, 0, 1, 0, 0, 0.01%, 0, 0, 0, 1172.19, 125189, 0, 0.01%
1577493230, 125, 0, 1, 0, 0, 0.01%, 0, 0, 0, 1143.79, 125539, 0, 0.01%
1577493230, 125, 0, 1, 0, 0, 0.01%, 0, 0, 0, 1151.32, 125889, 0, 0.01%
1577493231, 126, 0, 1, 0, 0, 0.01%, 0, 0, 0, 1236.67, 126260, 0, 0.01%
1577493231, 126, 0, 1, 0, 0, 0.01%, 0, 0, 0, 1084.69, 126593, 0, 0.01%
1577493231, 126, 0, 1, 0, 0, 0.01%, 0, 0, 0, 1125.41, 126934, 0, 0.01%
1577493232, 127, 0, 1, 0, 0, 0.01%, 0, 0, 0, 1242.52, 127308, 0, 0.01%
1577493232, 127, 0, 1, 0, 0, 0.01%, 0, 0, 0, 1081.97, 127638, 0, 0.01%
1577493232, 127, 0, 1, 0, 0, 0.01%, 0, 0, 0, 1154.61, 127989, 0, 0.01%
1577493233, 128, 0, 1, 0, 0, 0.01%, 0, 0, 0, 1170.00, 128340, 0, 0.01%
1577493233, 128, 0, 1, 0, 0, 0.01%, 0, 0, 0, 1176.67, 128693, 0, 0.01%
1577493233, 129, 0, 1, 0, 0, 0.01%, 0, 0, 0, 1176.67, 129046, 0, 0.01%
1577493234, 129, 0, 1, 0, 0, 0.01%, 0, 0, 0, 1146.67, 129390, 0, 0.01%
1577493234, 129, 0, 1, 0, 0, 0.01%, 0, 0, 0, 1093.33, 129718, 0, 0.01%
1577493234, 130, 0, 1, 0, 0, 0.01%, 0, 0, 0, 1195.36, 130079, 0, 0.01%
1577493234, 130, 0, 1, 0, 0, 0.01%, 0, 0, 0, 1140.52, 130428, 0, 0.01%
1577493235, 130, 0, 1, 0, 0, 0.01%, 0, 0, 0, 1152.82, 130775, 0, 0.01%
1577493235, 131, 0, 1, 0, 0, 0.01%, 0, 0, 0, 1186.67, 131131, 0, 0.01%
1577493235, 131, 0, 1, 0, 0, 0.01%, 0, 0, 0, 1193.33, 131489, 0, 0.01%
1577493236, 131, 0, 1, 0, 0, 0.01%, 0, 0, 0, 1123.33, 131826, 0, 0.01%
1577493236, 132, 0, 1, 0, 0, 0.01%, 0, 0, 0, 1160.00, 132174, 0, 0.01%
1577493236, 132, 0, 1, 0, 0, 0.01%, 0, 0, 0, 1211.92, 132540, 0, 0.01%
1577493237, 132, 0, 1, 0, 0, 0.01%, 0, 0, 0, 1123.33, 132877, 0, 0.01%
1577493237, 133, 0, 1, 0, 0, 0.01%, 0, 0, 0, 1152.82, 133224, 0, 0.01%
1577493237, 133, 0, 1, 0, 0, 0.01%, 0, 0, 0, 1151.32, 133574, 0, 0.01%
1577493237, 133, 0, 1, 0, 0, 0.01%, 0, 0, 0, 1095.71, 133906, 0, 0.01%
1577493238, 134, 0, 1, 0, 0, 0.01%, 0, 0, 0, 1187.50, 134267, 0, 0.01%
1577493238, 134, 0, 1, 0, 0, 0.01%, 0, 0, 0, 1184.82, 134626, 0, 0.01%
1577493238, 134, 0, 1, 0, 0, 0.01%, 0, 0, 0, 1009.90, 134932, 0, 0.01%
1577493239, 135, 0, 1, 0, 0, 0.01%, 0, 0, 0, 1141.91, 135278, 0, 0.01%
1577493239, 135, 0, 1, 0, 0, 0.01%, 0, 0, 0, 1170.00, 135629, 0, 0.01%
1577493239, 135, 0, 1, 0, 0, 0.01%, 0, 0, 0, 1165.58, 135988, 0, 0.01%
1577493240, 136, 0, 1, 0, 0, 0.01%, 0, 0, 0, 1159.47, 136337, 0, 0.01%
1577493240, 136, 0, 1, 0, 0, 0.01%, 0, 0, 0, 1127.45, 136682, 0, 0.01%
1577493240, 137, 0, 1, 0, 0, 0.01%, 0, 0, 0, 1210.53, 137050, 0, 0.01%
1577493240, 137, 0, 1, 0, 0, 0.01%, 0, 0, 0, 1170.00, 137401, 0, 0.01%
1577493241, 137, 0, 1, 0, 0, 0.01%, 0, 0, 0, 1114.01, 137743, 0, 0.01%
1577493241, 138, 0, 1, 0, 0, 0.01%, 0, 0, 0, 1118.81, 138082, 0, 0.01%
1577493241, 138, 0, 1, 0, 0, 0.01%, 0, 0, 0, 1157.73, 138449, 0, 0.01%
1577493242, 138, 0, 1, 0, 0, 0.01%, 0, 0, 0, 1146.67, 138793, 0, 0.01%
1577493242, 139, 0, 1, 0, 0, 0.01%, 0, 0, 0, 1153.33, 139139, 0, 0.01%
1577493242, 139, 0, 1, 0, 0, 0.01%, 0, 0, 0, 1136.67, 139480, 0, 0.01%
1577493243, 139, 0, 1, 0, 0, 0.01%, 0, 0, 0, 1039.74, 139794, 0, 0.01%
1577493243, 140, 0, 1, 0, 0, 0.01%, 0, 0, 0, 1171.62, 140149, 0, 0.01%
1577493243, 140, 0, 1, 0, 0, 0.01%, 0, 0, 0, 1168.32, 140503, 0, 0.01%
1577493244, 140, 0, 1, 0, 0, 0.01%, 0, 0, 0, 1125.00, 140845, 0, 0.01%
1577493244, 141, 0, 1, 0, 0, 0.01%, 0, 0, 0, 1194.72, 141207, 0, 0.01%
1577493244, 141, 0, 1, 0, 0, 0.01%, 0, 0, 0, 1200.00, 141567, 0, 0.01%
1577493244, 141, 0, 1, 0, 0, 0.01%, 0, 0, 0, 1153.33, 141913, 0, 0.01%
1577493245, 142, 0, 1, 0, 0, 0.01%, 0, 0, 0, 1103.23, 142255, 0, 0.01%
1577493245, 142, 0, 1, 0, 0, 0.01%, 0, 0, 0, 1115.13, 142594, 0, 0.01%
1577493245, 142, 0, 1, 0, 0, 0.01%, 0, 0, 0, 1227.72, 142966, 0, 0.01%
1577493246, 143, 0, 1, 0, 0, 0.01%, 0, 0, 0, 1065.79, 143290, 0, 0.01%
1577493246, 143, 0, 1, 0, 0, 0.01%, 0, 0, 0, 1180.92, 143649, 0, 0.01%
1577493246, 144, 0, 1, 0, 0, 0.01%, 0, 0, 0, 1171.62, 144004, 0, 0.01%
1577493247, 144, 0, 1, 0, 0, 0.01%, 0, 0, 0, 1175.50, 144359, 0, 0.01%
1577493247, 144, 0, 1, 0, 0, 0.01%, 0, 0, 0, 1115.89, 144696, 0, 0.01%
1577493247, 145, 0, 1, 0, 0, 0.01%, 0, 0, 0, 1172.64, 145056, 0, 0.01%
1577493247, 145, 0, 1, 0, 0, 0.01%, 0, 0, 0, 1144.74, 145404, 0, 0.01%
1577493248, 145, 0, 1, 0, 0, 0.01%, 0, 0, 0, 1115.51, 145742, 0, 0.01%
1577493248, 146, 0, 1, 0, 0, 0.01%, 0, 0, 0, 1211.22, 146109, 0, 0.01%
1577493248, 146, 0, 1, 0, 0, 0.01%, 0, 0, 0, 1177.63, 146467, 0, 0.01%
1577493249, 146, 0, 1, 0, 0, 0.01%, 0, 0, 0, 1132.01, 146810, 0, 0.01%
1577493249, 147, 0, 1, 0, 0, 0.01%, 0, 0, 0, 1156.15, 147158, 0, 0.01%
1577493249, 147, 0, 1, 0, 0, 0.01%, 0, 0, 0, 1136.81, 147507, 0, 0.01%
1577493250, 147, 0, 1, 0, 0, 0.01%, 0, 0, 0, 1148.51, 147855, 0, 0.01%
1577493250, 148, 0, 1, 0, 0, 0.01%, 0, 0, 0, 1186.67, 148211, 0, 0.01%
1577493250, 148, 0, 1, 0, 0, 0.01%, 0, 0, 0, 1087.66, 148546, 0, 0.01%
1577493250, 148, 0, 1, 0, 0, 0.01%, 0, 0, 0, 1149.50, 148892, 0, 0.01%
1577493251, 149, 0, 1, 0, 0, 0.01%, 0, 0, 0, 1170.00, 149243, 0, 0.01%
1577493251, 149, 0, 1, 0, 0, 0.01%, 0, 0, 0, 1193.33, 149601, 0, 0.01%
1577493251, 149, 0, 1, 0, 0, 0.01%, 0, 0, 0, 1146.67, 149945, 0, 0.01%
1577493252, 150, 0, 1, 0, 0, 0.01%, 0, 0, 0, 1076.67, 150268, 0, 0.01%
1577493252, 150, 0, 1, 0, 0, 0.01%, 0, 0, 0, 1180.00, 150622, 0, 0.01%
1577493252, 150, 0, 1, 0, 0, 0.01%, 0, 0, 0, 1201.32, 150986, 0, 0.01%
1577493253, 151, 0, 1, 0, 0, 0.01%, 0, 0, 0, 1006.60, 151291, 0, 0.01%
1577493253, 151, 0, 1, 0, 0, 0.01%, 0, 0, 0, 1128.29, 151634, 0, 0.01%
1577493253, 151, 0, 1, 0, 0, 0.01%, 0, 0, 0, 1180.00, 151988, 0, 0.01%
1577493253, 152, 0, 1, 0, 0, 0.01%, 0, 0, 0, 1169.93, 152346, 0, 0.01%
1577493254, 152, 0, 1, 0, 0, 0.01%, 0, 0, 0, 1168.32, 152700, 0, 0.01%
1577493254, 153, 0, 1, 0, 0, 0.01%, 0, 0, 0, 1134.87, 153045, 0, 0.01%
1577493254, 153, 0, 1, 0, 0, 0.01%, 0, 0, 0, 1092.41, 153376, 0, 0.01%
1577493255, 153, 0, 1, 0, 0, 0.01%, 0, 0, 0, 1186.67, 153732, 0, 0.01%
1577493255, 154, 0, 1, 0, 0, 0.01%, 0, 0, 0, 1110.39, 154074, 0, 0.01%
1577493255, 154, 0, 1, 0, 0, 0.01%, 0, 0, 0, 1164.47, 154428, 0, 0.01%
1577493256, 154, 0, 1, 0, 0, 0.01%, 0, 0, 0, 1172.76, 154781, 0, 0.01%
1577493256, 155, 0, 1, 0, 0, 0.01%, 0, 0, 0, 1180.33, 155141, 0, 0.01%
1577493256, 155, 0, 1, 0, 0, 0.01%, 0, 0, 0, 1180.92, 155500, 0, 0.01%
1577493257, 155, 0, 1, 0, 0, 0.01%, 0, 0, 0, 1108.55, 155837, 0, 0.01%
1577493257, 156, 0, 1, 0, 0, 0.01%, 0, 0, 0, 1138.16, 156183, 0, 0.01%
1577493257, 156, 0, 1, 0, 0, 0.01%, 0, 0, 0, 1233.33, 156553, 0, 0.01%
1577493257, 156, 0, 1, 0, 0, 0.01%, 0, 0, 0, 1075.16, 156882, 0, 0.01%
1577493258, 157, 0, 1, 0, 0, 0.01%, 0, 0, 0, 1092.41, 157213, 0, 0.01%
1577493258, 157, 0, 1, 0, 0, 0.01%, 0, 0, 0, 1165.02, 157566, 0, 0.01%
1577493258, 157, 0, 1, 0, 0, 0.01%, 0, 0, 0, 855.26, 157826, 0, 0.01%
1577493259, 158, 0, 1, 0, 0, 0.01%, 0, 0, 0, 1138.16, 158172, 0, 0.01%
1577493259, 158, 0, 1, 0, 0, 0.01%, 0, 0, 0, 1141.91, 158518, 0, 0.01%
1577493259, 158, 0, 1, 0, 0, 0.01%, 0, 0, 0, 1197.37, 158882, 0, 0.01%
1577493260, 159, 0, 1, 0, 0, 0.01%, 0, 0, 0, 1183.33, 159237, 0, 0.01%
1577493260, 159, 0, 1, 0, 0, 0.01%, 0, 0, 0, 1183.33, 159592, 0, 0.01%
1577493260, 159, 0, 1, 0, 0, 0.01%, 0, 0, 0, 1166.67, 159942, 0, 0.01%
1577493260, 160, 0, 1, 0, 0, 0.01%, 0, 0, 0, 1170.00, 160293, 0, 0.01%
1577493261, 160, 0, 1, 0, 0, 0.01%, 0, 0, 0, 980.00, 160587, 0, 0.01%
1577493261, 160, 0, 1, 0, 0, 0.01%, 0, 0, 0, 1122.92, 160925, 0, 0.01%
1577493261, 161, 0, 1, 0, 0, 0.01%, 0, 0, 0, 1171.62, 161280, 0, 0.01%
1577493262, 161, 0, 1, 0, 0, 0.01%, 0, 0, 0, 1115.13, 161619, 0, 0.01%
1577493262, 161, 0, 1, 0, 0, 0.01%, 0, 0, 0, 1220.00, 161985, 0, 0.01%
1577493262, 162, 0, 1, 0, 0, 0.01%, 0, 0, 0, 1120.92, 162328, 0, 0.01%
1577493263, 162, 0, 1, 0, 0, 0.01%, 0, 0, 0, 1148.03, 162677, 0, 0.01%
1577493263, 163, 0, 1, 0, 0, 0.01%, 0, 0, 0, 1120.00, 163013, 0, 0.01%
1577493263, 163, 0, 1, 0, 0, 0.01%, 0, 0, 0, 1087.95, 163347, 0, 0.01%
1577493263, 163, 0, 1, 0, 0, 0.01%, 0, 0, 0, 1181.52, 163705, 0, 0.01%
1577493264, 164, 0, 1, 0, 0, 0.01%, 0, 0, 0, 1108.55, 164042, 0, 0.01%
1577493264, 164, 0, 1, 0, 0, 0.01%, 0, 0, 0, 1178.22, 164399, 0, 0.01%
1577493264, 164, 0, 1, 0, 0, 0.01%, 0, 0, 0, 1162.79, 164749, 0, 0.01%
1577493265, 165, 0, 1, 0, 0, 0.01%, 0, 0, 0, 1143.32, 165100, 0, 0.01%
1577493265, 165, 0, 1, 0, 0, 0.01%, 0, 0, 0, 1174.92, 165456, 0, 0.01%
1577493265, 165, 0, 1, 0, 0, 0.01%, 0, 0, 0, 1138.61, 165801, 0, 0.01%
1577493266, 166, 0, 1, 0, 0, 0.01%, 0, 0, 0, 1148.03, 166150, 0, 0.01%
1577493266, 166, 0, 1, 0, 0, 0.01%, 0, 0, 0, 1191.42, 166511, 0, 0.01%
1577493266, 166, 0, 1, 0, 0, 0.01%, 0, 0, 0, 1202.66, 166873, 0, 0.01%
1577493267, 167, 0, 1, 0, 0, 0.01%, 0, 0, 0, 1143.79, 167223, 0, 0.01%
1577493267, 167, 0, 1, 0, 0, 0.01%, 0, 0, 0, 1157.38, 167576, 0, 0.01%
1577493267, 167, 0, 1, 0, 0, 0.01%, 0, 0, 0, 1171.62, 167931, 0, 0.01%
1577493267, 168, 0, 1, 0, 0, 0.01%, 0, 0, 0, 1144.74, 168279, 0, 0.01%
1577493268, 168, 0, 1, 0, 0, 0.01%, 0, 0, 0, 1105.96, 168613, 0, 0.01%
1577493268, 168, 0, 1, 0, 0, 0.01%, 0, 0, 0, 1167.76, 168968, 0, 0.01%
1577493268, 169, 0, 1, 0, 0, 0.01%, 0, 0, 0, 1148.51, 169316, 0, 0.01%
1577493269, 169, 0, 1, 0, 0, 0.01%, 0, 0, 0, 1183.33, 169671, 0, 0.01%
1577493269, 170, 0, 1, 0, 0, 0.01%, 0, 0, 0, 1149.84, 170024, 0, 0.01%
1577493269, 170, 0, 1, 0, 0, 0.01%, 0, 0, 0, 1141.91, 170370, 0, 0.01%
1577493270, 170, 0, 1, 0, 0, 0.01%, 0, 0, 0, 1184.21, 170730, 0, 0.01%
1577493270, 171, 0, 1, 0, 0, 0.01%, 0, 0, 0, 1144.74, 171078, 0, 0.01%
1577493270, 171, 0, 1, 0, 0, 0.01%, 0, 0, 0, 1185.43, 171436, 0, 0.01%
1577493270, 171, 0, 1, 0, 0, 0.01%, 0, 0, 0, 1121.31, 171778, 0, 0.01%
1577493271, 172, 0, 1, 0, 0, 0.01%, 0, 0, 0, 1186.67, 172134, 0, 0.01%
1577493271, 172, 0, 1, 0, 0, 0.01%, 0, 0, 0, 1124.18, 172478, 0, 0.01%
1577493271, 172, 0, 1, 0, 0, 0.01%, 0, 0, 0, 1141.45, 172825, 0, 0.01%
1577493272, 173, 0, 1, 0, 0, 0.01%, 0, 0, 0, 1088.82, 173156, 0, 0.01%
1577493272, 173, 0, 1, 0, 0, 0.01%, 0, 0, 0, 1179.40, 173511, 0, 0.01%
1577493272, 173, 0, 1, 0, 0, 0.01%, 0, 0, 0, 1196.67, 173870, 0, 0.01%
1577493273, 174, 0, 1, 0, 0, 0.01%, 0, 0, 0, 1166.67, 174220, 0, 0.01%
1577493273, 174, 0, 1, 0, 0, 0.01%, 0, 0, 0, 1093.33, 174548, 0, 0.01%
1577493273, 174, 0, 1, 0, 0, 0.01%, 0, 0, 0, 1096.67, 174877, 0, 0.01%
1577493273, 175, 0, 1, 0, 0, 0.01%, 0, 0, 0, 1086.67, 175203, 0, 0.01%
1577493274, 175, 0, 1, 0, 0, 0.01%, 0, 0, 0, 1099.34, 175535, 0, 0.01%
1577493274, 175, 0, 1, 0, 0, 0.01%, 0, 0, 0, 1180.33, 175895, 0, 0.01%
1577493274, 176, 0, 1, 0, 0, 0.01%, 0, 0, 0, 1157.89, 176247, 0, 0.01%
1577493275, 176, 0, 1, 0, 0, 0.01%, 0, 0, 0, 1211.92, 176613, 0, 0.01%
1577493275, 176, 0, 1, 0, 0, 0.01%, 0, 0, 0, 1164.47, 176967, 0, 0.01%
1577493275, 177, 0, 1, 0, 0, 0.01%, 0, 0, 0, 1190.79, 177329, 0, 0.01%
1577493276, 177, 0, 1, 0, 0, 0.01%, 0, 0, 0, 1167.76, 177684, 0, 0.01%
1577493276, 178, 0, 1, 0, 0, 0.01%, 0, 0, 0, 1121.71, 178025, 0, 0.01%
1577493276, 178, 0, 1, 0, 0, 0.01%, 0, 0, 0, 1207.92, 178391, 0, 0.01%
1577493277, 178, 0, 1, 0, 0, 0.01%, 0, 0, 0, 1232.56, 178762, 0, 0.01%
1577493277, 179, 0, 1, 0, 0, 0.01%, 0, 0, 0, 1075.16, 179091, 0, 0.01%
1577493277, 179, 0, 1, 0, 0, 0.01%, 0, 0, 0, 1184.21, 179451, 0, 0.01%
1577493277, 179, 0, 1, 0, 0, 0.01%, 0, 0, 0, 1174.92, 179807, 0, 0.01%
1577493278, 180, 0, 1, 0, 0, 0.01%, 0, 0, 0, 1111.84, 180145, 0, 0.01%
1577493278, 180, 0, 1, 0, 0, 0.01%, 0, 0, 0, 1138.61, 180490, 0, 0.01%
1577493278, 180, 0, 1, 0, 0, 0.01%, 0, 0, 0, 1151.82, 180839, 0, 0.01%
1577493279, 181, 0, 1, 0, 0, 0.01%, 0, 0, 0, 1154.61, 181190, 0, 0.01%
1577493279, 181, 0, 1, 0, 0, 0.01%, 0, 0, 0, 1172.76, 181543, 0, 0.01%
1577493279, 181, 0, 1, 0, 0, 0.01%, 0, 0, 0, 1104.23, 181882, 0, 0.01%
1577493280, 182, 0, 1, 0, 0, 0.01%, 0, 0, 0, 1171.62, 182237, 0, 0.01%
1577493280, 182, 0, 1, 0, 0, 0.01%, 0, 0, 0, 1118.42, 182577, 0, 0.01%
1577493280, 182, 0, 1, 0, 0, 0.01%, 0, 0, 0, 1184.21, 182937, 0, 0.01%
1577493280, 183, 0, 1, 0, 0, 0.01%, 0, 0, 0, 1132.01, 183280, 0, 0.01%
1577493281, 183, 0, 1, 0, 0, 0.01%, 0, 0, 0, 1128.71, 183622, 0, 0.01%
1577493281, 183, 0, 1, 0, 0, 0.01%, 0, 0, 0, 1161.18, 183975, 0, 0.01%
1577493281, 184, 0, 1, 0, 0, 0.01%, 0, 0, 0, 1213.33, 184339, 0, 0.01%
1577493282, 184, 0, 1, 0, 0, 0.01%, 0, 0, 0, 1117.26, 184682, 0, 0.01%
1577493282, 185, 0, 1, 0, 0, 0.01%, 0, 0, 0, 1167.76, 185037, 0, 0.01%
1577493282, 185, 0, 1, 0, 0, 0.01%, 0, 0, 0, 1188.12, 185397, 0, 0.01%
1577493283, 185, 0, 1, 0, 0, 0.01%, 0, 0, 0, 1197.37, 185761, 0, 0.01%
1577493283, 186, 0, 1, 0, 0, 0.01%, 0, 0, 0, 1203.33, 186122, 0, 0.01%
1577493283, 186, 0, 1, 0, 0, 0.01%, 0, 0, 0, 1078.43, 186452, 0, 0.01%
1577493284, 186, 0, 1, 0, 0, 0.01%, 0, 0, 0, 1204.62, 186817, 0, 0.01%
1577493284, 187, 0, 1, 0, 0, 0.01%, 0, 0, 0, 1111.84, 187155, 0, 0.01%
1577493284, 187, 0, 1, 0, 0, 0.01%, 0, 0, 0, 1145.21, 187502, 0, 0.01%
1577493284, 187, 0, 1, 0, 0, 0.01%, 0, 0, 0, 1176.08, 187856, 0, 0.01%
1577493285, 188, 0, 1, 0, 0, 0.01%, 0, 0, 0, 1186.67, 188212, 0, 0.01%
1577493285, 188, 0, 1, 0, 0, 0.01%, 0, 0, 0, 1173.33, 188564, 0, 0.01%
1577493285, 188, 0, 1, 0, 0, 0.01%, 0, 0, 0, 1180.00, 188918, 0, 0.01%
1577493286, 189, 0, 1, 0, 0, 0.01%, 0, 0, 0, 1110.75, 189259, 0, 0.01%
1577493286, 189, 0, 1, 0, 0, 0.01%, 0, 0, 0, 1170.00, 189610, 0, 0.01%
1577493286, 189, 0, 1, 0, 0, 0.01%, 0, 0, 0, 1166.67, 189960, 0, 0.01%
1577493287, 190, 0, 1, 0, 0, 0.01%, 0, 0, 0, 1103.33, 190291, 0, 0.01%
1577493287, 190, 0, 1, 0, 0, 0.01%, 0, 0, 0, 1188.12, 190651, 0, 0.01%
1577493287, 191, 0, 1, 0, 0, 0.01%, 0, 0, 0, 1180.92, 191010, 0, 0.01%
1577493287, 191, 0, 1, 0, 0, 0.01%, 0, 0, 0, 1191.42, 191371, 0, 0.01%
1577493288, 191, 0, 1, 0, 0, 0.01%, 0, 0, 0, 1132.01, 191714, 0, 0.01%
1577493288, 192, 0, 1, 0, 0, 0.01%, 0, 0, 0, 1183.33, 192069, 0, 0.01%
1577493288, 192, 0, 1, 0, 0, 0.01%, 0, 0, 0, 1113.64, 192412, 0, 0.01%
1577493289, 192, 0, 1, 0, 0, 0.01%, 0, 0, 0, 1135.31, 192756, 0, 0.01%
1577493289, 193, 0, 1, 0, 0, 0.01%, 0, 0, 0, 1205.30, 193120, 0, 0.01%
1577493289, 193, 0, 1, 0, 0, 0.01%, 0, 0, 0, 1137.25, 193468, 0, 0.01%
1577493290, 193, 0, 1, 0, 0, 0.01%, 0, 0, 0, 1173.33, 193820, 0, 0.01%
1577493290, 194, 0, 1, 0, 0, 0.01%, 0, 0, 0, 1196.67, 194179, 0, 0.01%
1577493290, 194, 0, 1, 0, 0, 0.01%, 0, 0, 0, 1170.00, 194530, 0, 0.01%
1577493290, 194, 0, 1, 0, 0, 0.01%, 0, 0, 0, 1206.67, 194892, 0, 0.01%
1577493291, 195, 0, 1, 0, 0, 0.01%, 0, 0, 0, 1120.00, 195228, 0, 0.01%
1577493291, 195, 0, 1, 0, 0, 0.01%, 0, 0, 0, 1116.67, 195563, 0, 0.01%
1577493291, 195, 0, 1, 0, 0, 0.01%, 0, 0, 0, 1243.33, 195936, 0, 0.01%
1577493292, 196, 0, 1, 0, 0, 0.01%, 0, 0, 0, 1150.00, 196281, 0, 0.01%
1577493292, 196, 0, 1, 0, 0, 0.01%, 0, 0, 0, 1123.33, 196618, 0, 0.01%
1577493292, 196, 0, 1, 0, 0, 0.01%, 0, 0, 0, 1150.00, 196963, 0, 0.01%
1577493293, 197, 0, 1, 0, 0, 0.01%, 0, 0, 0, 1126.67, 197301, 0, 0.01%
1577493293, 197, 0, 1, 0, 0, 0.01%, 0, 0, 0, 1119.21, 197639, 0, 0.01%
1577493293, 197, 0, 1, 0, 0, 0.01%, 0, 0, 0, 1177.63, 197997, 0, 0.01%
1577493293, 198, 0, 1, 0, 0, 0.01%, 0, 0, 0, 1163.33, 198346, 0, 0.01%
1577493294, 198, 0, 1, 0, 0, 0.01%, 0, 0, 0, 1094.77, 198681, 0, 0.01%
1577493294, 199, 0, 1, 0, 0, 0.01%, 0, 0, 0, 1180.92, 199040, 0, 0.01%
1577493294, 199, 0, 1, 0, 0, 0.01%, 0, 0, 0, 1186.67, 199396, 0, 0.01%
1577493295, 199, 0, 1, 0, 0, 0.01%, 0, 0, 0, 1186.67, 199752, 0, 0.01%
1577493295, 200, 0, 1, 0, 0, 0.01%, 0, 0, 0, 1103.33, 200083, 0, 0.01%
1577493295, 200, 0, 1, 0, 0, 0.01%, 0, 0, 0, 1170.00, 200434, 0, 0.01%
1577493296, 200, 0, 1, 0, 0, 0.01%, 0, 0, 0, 1120.00, 200770, 0, 0.01%
1577493296, 201, 0, 1, 0, 0, 0.01%, 0, 0, 0, 1149.01, 201117, 0, 0.01%
1577493296, 201, 0, 1, 0, 0, 0.01%, 0, 0, 0, 1206.67, 201479, 0, 0.01%
1577493296, 201, 0, 1, 0, 0, 0.01%, 0, 0, 0, 1114.01, 201821, 0, 0.01%
1577493297, 202, 0, 1, 0, 0, 0.01%, 0, 0, 0, 1128.71, 202163, 0, 0.01%
1577493297, 202, 0, 1, 0, 0, 0.01%, 0, 0, 0, 1213.33, 202527, 0, 0.01%
1577493297, 202, 0, 1, 0, 0, 0.01%, 0, 0, 0, 1058.44, 202853, 0, 0.01%
1577493298, 203, 0, 1, 0, 0, 0.01%, 0, 0, 0, 1125.41, 203194, 0, 0.01%
1577493298, 203, 0, 1, 0, 0, 0.01%, 0, 0, 0, 1141.45, 203541, 0, 0.01%
1577493298, 203, 0, 1, 0, 0, 0.01%, 0, 0, 0, 1075.91, 203867, 0, 0.01%
1577493299, 204, 0, 1, 0, 0, 0.01%, 0, 0, 0, 1164.47, 204221, 0, 0.01%
1577493299, 204, 0, 1, 0, 0, 0.01%, 0, 0, 0, 1023.10, 204531, 0, 0.01%
1577493299, 204, 0, 1, 0, 0, 0.01%, 0, 0, 0, 1171.62, 204886, 0, 0.01%
1577493300, 205, 0, 1, 0, 0, 0.01%, 0, 0, 0, 1141.45, 205233, 0, 0.01%
1577493300, 205, 0, 1, 0, 0, 0.01%, 0, 0, 0, 1165.02, 205586, 0, 0.01%
1577493300, 205, 0, 1, 0, 0, 0.01%, 0, 0, 0, 1138.61, 205931, 0, 0.01%
1577493300, 206, 0, 1, 0, 0, 0.01%, 0, 0, 0, 1160.66, 206285, 0, 0.01%
1577493301, 206, 0, 1, 0, 0, 0.01%, 0, 0, 0, 1155.12, 206635, 0, 0.01%
1577493301, 206, 0, 1, 0, 0, 0.01%, 0, 0, 0, 1124.59, 206978, 0, 0.01%
1577493301, 207, 0, 1, 0, 0, 0.01%, 0, 0, 0, 1184.82, 207337, 0, 0.01%
1577493302, 207, 0, 1, 0, 0, 0.01%, 0, 0, 0, 1198.68, 207699, 0, 0.01%
1577493302, 208, 0, 1, 0, 0, 0.01%, 0, 0, 0, 1178.81, 208055, 0, 0.01%
1577493302, 208, 0, 1, 0, 0, 0.01%, 0, 0, 0, 1055.56, 208378, 0, 0.01%
1577493303, 208, 0, 1, 0, 0, 0.01%, 0, 0, 0, 1214.52, 208746, 0, 0.01%
1577493303, 209, 0, 1, 0, 0, 0.01%, 0, 0, 0, 1132.01, 209089, 0, 0.01%
1577493303, 209, 0, 1, 0, 0, 0.01%, 0, 0, 0, 1164.47, 209443, 0, 0.01%
1577493303, 209, 0, 1, 0, 0, 0.01%, 0, 0, 0, 1157.89, 209795, 0, 0.01%
1577493304, 210, 0, 1, 0, 0, 0.01%, 0, 0, 0, 1158.42, 210146, 0, 0.01%
1577493304, 210, 0, 1, 0, 0, 0.01%, 0, 0, 0, 1206.67, 210508, 0, 0.01%
1577493304, 210, 0, 1, 0, 0, 0.01%, 0, 0, 0, 1159.61, 210864, 0, 0.01%
1577493305, 211, 0, 1, 0, 0, 0.01%, 0, 0, 0, 1203.33, 211225, 0, 0.01%
1577493305, 211, 0, 1, 0, 0, 0.01%, 0, 0, 0, 1094.46, 211561, 0, 0.01%
1577493305, 211, 0, 1, 0, 0, 0.01%, 0, 0, 0, 1177.63, 211919, 0, 0.01%
1577493306, 212, 0, 1, 0, 0, 0.01%, 0, 0, 0, 1203.33, 212280, 0, 0.01%
1577493306, 212, 0, 1, 0, 0, 0.01%, 0, 0, 0, 1081.43, 212612, 0, 0.01%
1577493306, 212, 0, 1, 0, 0, 0.01%, 0, 0, 0, 1214.52, 212980, 0, 0.01%
1577493306, 213, 0, 1, 0, 0, 0.01%, 0, 0, 0, 1184.21, 213340, 0, 0.01%
1577493307, 213, 0, 1, 0, 0, 0.01%, 0, 0, 0, 1180.92, 213699, 0, 0.01%
1577493307, 214, 0, 1, 0, 0, 0.01%, 0, 0, 0, 1190.00, 214056, 0, 0.01%
1577493307, 214, 0, 1, 0, 0, 0.01%, 0, 0, 0, 1127.04, 214402, 0, 0.01%
1577493308, 214, 0, 1, 0, 0, 0.01%, 0, 0, 0, 1171.05, 214758, 0, 0.01%
1577493308, 215, 0, 1, 0, 0, 0.01%, 0, 0, 0, 1180.00, 215112, 0, 0.01%
1577493308, 215, 0, 1, 0, 0, 0.01%, 0, 0, 0, 1114.01, 215454, 0, 0.01%
1577493309, 215, 0, 1, 0, 0, 0.01%, 0, 0, 0, 1215.23, 215821, 0, 0.01%
1577493309, 216, 0, 1, 0, 0, 0.01%, 0, 0, 0, 1131.15, 216166, 0, 0.01%
1577493309, 216, 0, 1, 0, 0, 0.01%, 0, 0, 0, 1217.82, 216535, 0, 0.01%
1577493310, 216, 0, 1, 0, 0, 0.01%, 0, 0, 0, 1162.79, 216885, 0, 0.01%
1577493310, 217, 0, 1, 0, 0, 0.01%, 0, 0, 0, 1156.15, 217233, 0, 0.01%
1577493310, 217, 0, 1, 0, 0, 0.01%, 0, 0, 0, 1126.67, 217571, 0, 0.01%
1577493310, 217, 0, 1, 0, 0, 0.01%, 0, 0, 0, 1153.33, 217917, 0, 0.01%
1577493311, 218, 0, 1, 0, 0, 0.01%, 0, 0, 0, 1156.67, 218264, 0, 0.01%
1577493311, 218, 0, 1, 0, 0, 0.01%, 0, 0, 0, 1093.33, 218592, 0, 0.01%
1577493311, 218, 0, 1, 0, 0, 0.01%, 0, 0, 0, 1196.67, 218951, 0, 0.01%
1577493312, 219, 0, 1, 0, 0, 0.01%, 0, 0, 0, 1156.67, 219298, 0, 0.01%
1577493312, 219, 0, 1, 0, 0, 0.01%, 0, 0, 0, 1043.33, 219611, 0, 0.01%
1577493312, 219, 0, 1, 0, 0, 0.01%, 0, 0, 0, 1196.67, 219970, 0, 0.01%
1577493313, 220, 0, 1, 0, 0, 0.01%, 0, 0, 0, 1101.64, 220306, 0, 0.01%
1577493313, 220, 0, 1, 0, 0, 0.01%, 0, 0, 0, 1171.62, 220661, 0, 0.01%
1577493313, 221, 0, 1, 0, 0, 0.01%, 0, 0, 0, 1180.00, 221015, 0, 0.01%
1577493313, 221, 0, 1, 0, 0, 0.01%, 0, 0, 0, 1173.33, 221367, 0, 0.01%
1577493314, 221, 0, 1, 0, 0, 0.01%, 0, 0, 0, 1116.67, 221702, 0, 0.01%
1577493314, 222, 0, 1, 0, 0, 0.01%, 0, 0, 0, 1120.00, 222038, 0, 0.01%
1577493314, 222, 0, 1, 0, 0, 0.01%, 0, 0, 0, 1110.00, 222371, 0, 0.01%
1577493315, 222, 0, 1, 0, 0, 0.01%, 0, 0, 0, 1146.67, 222715, 0, 0.01%
1577493315, 223, 0, 1, 0, 0, 0.01%, 0, 0, 0, 1156.67, 223062, 0, 0.01%
1577493315, 223, 0, 1, 0, 0, 0.01%, 0, 0, 0, 1166.12, 223420, 0, 0.01%
1577493316, 223, 0, 1, 0, 0, 0.01%, 0, 0, 0, 1197.37, 223784, 0, 0.01%
1577493316, 224, 0, 1, 0, 0, 0.01%, 0, 0, 0, 1141.45, 224131, 0, 0.01%
1577493316, 224, 0, 1, 0, 0, 0.01%, 0, 0, 0, 1171.62, 224486, 0, 0.01%
1577493316, 224, 0, 1, 0, 0, 0.01%, 0, 0, 0, 1182.72, 224842, 0, 0.01%
1577493317, 225, 0, 1, 0, 0, 0.01%, 0, 0, 0, 1107.49, 225182, 0, 0.01%
1577493317, 225, 0, 1, 0, 0, 0.01%, 0, 0, 0, 1151.82, 225531, 0, 0.01%
1577493317, 225, 0, 1, 0, 0, 0.01%, 0, 0, 0, 1216.67, 225896, 0, 0.01%
1577493318, 226, 0, 1, 0, 0, 0.01%, 0, 0, 0, 1117.26, 226239, 0, 0.01%
1577493318, 226, 0, 1, 0, 0, 0.01%, 0, 0, 0, 1166.67, 226589, 0, 0.01%
1577493318, 226, 0, 1, 0, 0, 0.01%, 0, 0, 0, 1136.81, 226938, 0, 0.01%
1577493319, 227, 0, 1, 0, 0, 0.01%, 0, 0, 0, 1180.92, 227297, 0, 0.01%
1577493319, 227, 0, 1, 0, 0, 0.01%, 0, 0, 0, 1196.01, 227657, 0, 0.01%
1577493319, 227, 0, 1, 0, 0, 0.01%, 0, 0, 0, 1110.00, 227990, 0, 0.01%
1577493319, 228, 0, 1, 0, 0, 0.01%, 0, 0, 0, 1129.03, 228340, 0, 0.01%
1577493320, 228, 0, 1, 0, 0, 0.01%, 0, 0, 0, 1200.00, 228700, 0, 0.01%
1577493320, 229, 0, 1, 0, 0, 0.01%, 0, 0, 0, 1093.33, 229028, 0, 0.01%
1577493320, 229, 0, 1, 0, 0, 0.01%, 0, 0, 0, 1196.67, 229387, 0, 0.01%
1577493321, 229, 0, 1, 0, 0, 0.01%, 0, 0, 0, 1176.67, 229740, 0, 0.01%
1577493321, 230, 0, 1, 0, 0, 0.01%, 0, 0, 0, 1083.33, 230065, 0, 0.01%
1577493321, 230, 0, 1, 0, 0, 0.01%, 0, 0, 0, 1166.67, 230415, 0, 0.01%
1577493322, 230, 0, 1, 0, 0, 0.01%, 0, 0, 0, 1166.67, 230765, 0, 0.01%
1577493322, 231, 0, 1, 0, 0, 0.01%, 0, 0, 0, 1110.00, 231098, 0, 0.01%
1577493322, 231, 0, 1, 0, 0, 0.01%, 0, 0, 0, 1180.00, 231452, 0, 0.01%
1577493322, 231, 0, 1, 0, 0, 0.01%, 0, 0, 0, 1153.33, 231798, 0, 0.01%
1577493323, 232, 0, 1, 0, 0, 0.01%, 0, 0, 0, 1103.33, 232129, 0, 0.01%
1577493323, 232, 0, 1, 0, 0, 0.01%, 0, 0, 0, 1141.91, 232475, 0, 0.01%
1577493323, 232, 0, 1, 0, 0, 0.01%, 0, 0, 0, 1163.33, 232824, 0, 0.01%
1577493324, 233, 0, 1, 0, 0, 0.01%, 0, 0, 0, 1166.12, 233182, 0, 0.01%
1577493324, 233, 0, 1, 0, 0, 0.01%, 0, 0, 0, 1138.61, 233527, 0, 0.01%
1577493324, 233, 0, 1, 0, 0, 0.01%, 0, 0, 0, 1193.33, 233885, 0, 0.01%
1577493325, 234, 0, 1, 0, 0, 0.01%, 0, 0, 0, 1120.52, 234229, 0, 0.01%
1577493325, 234, 0, 1, 0, 0, 0.01%, 0, 0, 0, 1162.25, 234580, 0, 0.01%
1577493325, 234, 0, 1, 0, 0, 0.01%, 0, 0, 0, 1167.21, 234936, 0, 0.01%
1577493326, 235, 0, 1, 0, 0, 0.01%, 0, 0, 0, 1157.89, 235288, 0, 0.01%
1577493326, 235, 0, 1, 0, 0, 0.01%, 0, 0, 0, 1206.67, 235650, 0, 0.01%
1577493326, 235, 0, 1, 0, 0, 0.01%, 0, 0, 0, 1100.98, 235988, 0, 0.01%
1577493326, 236, 0, 1, 0, 0, 0.01%, 0, 0, 0, 1141.91, 236334, 0, 0.01%
1577493327, 236, 0, 1, 0, 0, 0.01%, 0, 0, 0, 1144.74, 236682, 0, 0.01%
1577493327, 237, 0, 1, 0, 0, 0.01%, 0, 0, 0, 1092.41, 237013, 0, 0.01%
1577493327, 237, 0, 1, 0, 0, 0.01%, 0, 0, 0, 1183.33, 237368, 0, 0.01%
1577493328, 237, 0, 1, 0, 0, 0.01%, 0, 0, 0, 1155.84, 237724, 0, 0.01%
1577493328, 238, 0, 1, 0, 0, 0.01%, 0, 0, 0, 1151.82, 238073, 0, 0.01%
1577493328, 238, 0, 1, 0, 0, 0.01%, 0, 0, 0, 1166.67, 238423, 0, 0.01%
1577493329, 238, 0, 1, 0, 0, 0.01%, 0, 0, 0, 1114.01, 238765, 0, 0.01%
1577493329, 239, 0, 1, 0, 0, 0.01%, 0, 0, 0, 1111.84, 239103, 0, 0.01%
1577493329, 239, 0, 1, 0, 0, 0.01%, 0, 0, 0, 1120.00, 239439, 0, 0.01%
1577493329, 239, 0, 1, 0, 0, 0.01%, 0, 0, 0, 1101.31, 239776, 0, 0.01%
1577493330, 240, 0, 1, 0, 0, 0.01%, 0, 0, 0, 1188.12, 240136, 0, 0.01%
1577493330, 240, 0, 1, 0, 0, 0.01%, 0, 0, 0, 1078.95, 240464, 0, 0.01%
1577493330, 240, 0, 1, 0, 0, 0.01%, 0, 0, 0, 1141.45, 240811, 0, 0.01%
1577493331, 241, 0, 1, 0, 0, 0.01%, 0, 0, 0, 1230.00, 241180, 0, 0.01%
1577493331, 241, 0, 1, 0, 0, 0.01%, 0, 0, 0, 1081.43, 241512, 0, 0.01%
1577493331, 241, 0, 1, 0, 0, 0.01%, 0, 0, 0, 1168.32, 241866, 0, 0.01%
1577493332, 242, 0, 1, 0, 0, 0.01%, 0, 0, 0, 1143.33, 242209, 0, 0.01%
1577493332, 242, 0, 1, 0, 0, 0.01%, 0, 0, 0, 1091.21, 242544, 0, 0.01%
1577493332, 242, 0, 1, 0, 0, 0.01%, 0, 0, 0, 1154.61, 242895, 0, 0.01%
1577493333, 243, 0, 1, 0, 0, 0.01%, 0, 0, 0, 1163.33, 243244, 0, 0.01%
1577493333, 243, 0, 1, 0, 0, 0.01%, 0, 0, 0, 1153.09, 243598, 0, 0.01%
1577493333, 243, 0, 1, 0, 0, 0.01%, 0, 0, 0, 1150.00, 243943, 0, 0.01%
1577493333, 244, 0, 1, 0, 0, 0.01%, 0, 0, 0, 1140.07, 244293, 0, 0.01%
1577493334, 244, 0, 1, 0, 0, 0.01%, 0, 0, 0, 1167.76, 244648, 0, 0.01%
1577493334, 245, 0, 1, 0, 0, 0.01%, 0, 0, 0, 1202.66, 245010, 0, 0.01%
1577493334, 245, 0, 1, 0, 0, 0.01%, 0, 0, 0, 1147.06, 245361, 0, 0.01%
1577493335, 245, 0, 1, 0, 0, 0.01%, 0, 0, 0, 1204.62, 245726, 0, 0.01%
1577493335, 246, 0, 1, 0, 0, 0.01%, 0, 0, 0, 1115.13, 246065, 0, 0.01%
1577493335, 246, 0, 1, 0, 0, 0.01%, 0, 0, 0, 1174.92, 246421, 0, 0.01%
1577493336, 246, 0, 1, 0, 0, 0.01%, 0, 0, 0, 1206.67, 246783, 0, 0.01%
1577493336, 247, 0, 1, 0, 0, 0.01%, 0, 0, 0, 1130.00, 247122, 0, 0.01%
1577493336, 247, 0, 1, 0, 0, 0.01%, 0, 0, 0, 1066.67, 247442, 0, 0.01%
1577493336, 247, 0, 1, 0, 0, 0.01%, 0, 0, 0, 1156.67, 247789, 0, 0.01%
1577493337, 248, 0, 1, 0, 0, 0.01%, 0, 0, 0, 1182.72, 248145, 0, 0.01%
1577493337, 248, 0, 1, 0, 0, 0.01%, 0, 0, 0, 1079.47, 248471, 0, 0.01%
1577493337, 248, 0, 1, 0, 0, 0.01%, 0, 0, 0, 1187.50, 248832, 0, 0.01%
1577493338, 249, 0, 1, 0, 0, 0.01%, 0, 0, 0, 1188.12, 249192, 0, 0.01%
1577493338, 249, 0, 1, 0, 0, 0.01%, 0, 0, 0, 1128.71, 249534, 0, 0.01%
1577493338, 249, 0, 1, 0, 0, 0.01%, 0, 0, 0, 1119.60, 249871, 0, 0.01%
1577493339, 250, 0, 1, 0, 0, 0.01%, 0, 0, 0, 1120.52, 250215, 0, 0.01%
1577493339, 250, 0, 1, 0, 0, 0.01%, 0, 0, 0, 1145.21, 250562, 0, 0.01%
1577493339, 250, 0, 1, 0, 0, 0.01%, 0, 0, 0, 1165.56, 250914, 0, 0.01%
1577493339, 251, 0, 1, 0, 0, 0.01%, 0, 0, 0, 1045.90, 251233, 0, 0.01%
1577493340, 251, 0, 1, 0, 0, 0.01%, 0, 0, 0, 1174.34, 251590, 0, 0.01%
1577493340, 251, 0, 1, 0, 0, 0.01%, 0, 0, 0, 1190.00, 251947, 0, 0.01%
1577493340, 252, 0, 1, 0, 0, 0.01%, 0, 0, 0, 1117.26, 252290, 0, 0.01%
1577493341, 252, 0, 1, 0, 0, 0.01%, 0, 0, 0, 1171.05, 252646, 0, 0.01%
1577493341, 252, 0, 1, 0, 0, 0.01%, 0, 0, 0, 1128.71, 252988, 0, 0.01%
1577493341, 253, 0, 1, 0, 0, 0.01%, 0, 0, 0, 1190.79, 253350, 0, 0.01%
1577493342, 253, 0, 1, 0, 0, 0.01%, 0, 0, 0, 1169.44, 253702, 0, 0.01%
1577493342, 254, 0, 1, 0, 0, 0.01%, 0, 0, 0, 1154.10, 254054, 0, 0.01%
1577493342, 254, 0, 1, 0, 0, 0.01%, 0, 0, 0, 1118.42, 254394, 0, 0.01%
1577493342, 254, 0, 1, 0, 0, 0.01%, 0, 0, 0, 1186.67, 254750, 0, 0.01%
1577493343, 255, 0, 1, 0, 0, 0.01%, 0, 0, 0, 1100.65, 255089, 0, 0.01%
1577493343, 255, 0, 1, 0, 0, 0.01%, 0, 0, 0, 1113.33, 255423, 0, 0.01%
1577493343, 255, 0, 1, 0, 0, 0.01%, 0, 0, 0, 1077.92, 255755, 0, 0.01%
1577493344, 256, 0, 1, 0, 0, 0.01%, 0, 0, 0, 1128.71, 256097, 0, 0.01%
1577493344, 256, 0, 1, 0, 0, 0.01%, 0, 0, 0, 1164.47, 256451, 0, 0.01%
1577493344, 256, 0, 1, 0, 0, 0.01%, 0, 0, 0, 1164.47, 256805, 0, 0.01%
1577493345, 257, 0, 1, 0, 0, 0.01%, 0, 0, 0, 1138.61, 257150, 0, 0.01%
1577493345, 257, 0, 1, 0, 0, 0.01%, 0, 0, 0, 1148.51, 257498, 0, 0.01%
1577493345, 257, 0, 1, 0, 0, 0.01%, 0, 0, 0, 1117.65, 257840, 0, 0.01%
1577493346, 258, 0, 1, 0, 0, 0.01%, 0, 0, 0, 1102.31, 258174, 0, 0.01%
1577493346, 258, 0, 1, 0, 0, 0.01%, 0, 0, 0, 1140.00, 258516, 0, 0.01%
1577493346, 258, 0, 1, 0, 0, 0.01%, 0, 0, 0, 1056.67, 258833, 0, 0.01%
1577493346, 259, 0, 1, 0, 0, 0.01%, 0, 0, 0, 1236.67, 259204, 0, 0.01%
1577493347, 259, 0, 1, 0, 0, 0.01%, 0, 0, 0, 1163.33, 259553, 0, 0.01%
1577493347, 259, 0, 1, 0, 0, 0.01%, 0, 0, 0, 1126.67, 259891, 0, 0.01%
1577493347, 260, 0, 1, 0, 0, 0.01%, 0, 0, 0, 1171.62, 260246, 0, 0.01%
1577493348, 260, 0, 1, 0, 0, 0.01%, 0, 0, 0, 1128.71, 260588, 0, 0.01%
