# unix_time, cycles_done, cur_path, paths_total, pending_total, pending_favs, map_size, unique_crashes, unique_hangs, max_depth, execs_per_sec, valid_inputs, invalid_inputs, valid_cov
1579475682, 0, 0, 1, 0, 0, 0.01%, 0, 0, 0, 0.48, 1, 0, 0.01%
1579475683, 0, 0, 1, 0, 0, 0.01%, 0, 0, 0, 196.01, 60, 0, 0.01%
1579475683, 0, 0, 1, 0, 0, 0.01%, 0, 0, 0, 383.33, 175, 0, 0.01%
1579475683, 0, 0, 1, 0, 0, 0.01%, 0, 0, 0, 563.33, 344, 0, 0.01%
1579475684, 0, 0, 1, 0, 0, 0.01%, 0, 0, 0, 627.91, 533, 0, 0.01%
1579475684, 0, 0, 1, 0, 0, 0.01%, 0, 0, 0, 771.24, 769, 0, 0.01%
1579475684, 0, 0, 1, 0, 0, 0.01%, 0, 0, 0, 734.43, 993, 0, 0.01%
1579475684, 1, 0, 1, 0, 0, 0.01%, 0, 0, 0, 786.67, 1229, 0, 0.01%
1579475685, 1, 0, 1, 0, 0, 0.01%, 0, 0, 0, 754.10, 1459, 0, 0.01%
1579475685, 1, 0, 1, 0, 0, 0.01%, 0, 0, 0, 827.24, 1708, 0, 0.01%
1579475685, 1, 0, 1, 0, 0, 0.01%, 0, 0, 0, 810.00, 1951, 0, 0.01%
1579475686, 2, 0, 1, 0, 0, 0.01%, 0, 0, 0, 756.67, 2178, 0, 0.01%
1579475686, 2, 0, 1, 0, 0, 0.01%, 0, 0, 0, 713.36, 2397, 0, 0.01%
1579475686, 2, 0, 1, 0, 0, 0.01%, 0, 0, 0, 863.33, 2656, 0, 0.01%
1579475687, 2, 0, 1, 0, 0, 0.01%, 0, 0, 0, 846.67, 2910, 0, 0.01%
1579475687, 3, 0, 1, 0, 0, 0.01%, 0, 0, 0, 750.00, 3135, 0, 0.01%
1579475687, 3, 0, 1, 0, 0, 0.01%, 0, 0, 0, 884.11, 3402, 0, 0.01%
1579475688, 3, 0, 1, 0, 0, 0.01%, 0, 0, 0, 886.67, 3668, 0, 0.01%
1579475688, 4, 0, 1, 0, 0, 0.01%, 0, 0, 0, 1191.56, 4035, 0, 0.01%
1579475688, 4, 0, 1, 0, 0, 0.01%, 0, 0, 0, 1273.33, 4417, 0, 0.01%
1579475688, 4, 0, 1, 0, 0, 0.01%, 0, 0, 0, 1183.33, 4772, 0, 0.01%
1579475689, 5, 0, 1, 0, 0, 0.01%, 0, 0, 0, 1093.33, 5100, 0, 0.01%
1579475689, 5, 0, 1, 0, 0, 0.01%, 0, 0, 0, 890.00, 5367, 0, 0.01%
1579475689, 5, 0, 1, 0, 0, 0.01%, 0, 0, 0, 878.69, 5635, 0, 0.01%
1579475690, 6, 0, 1, 0, 0, 0.01%, 0, 0, 0, 1390.00, 6052, 0, 0.01%
1579475690, 6, 0, 1, 0, 0, 0.01%, 0, 0, 0, 1243.33, 6425, 0, 0.01%
1579475690, 6, 0, 1, 0, 0, 0.01%, 0, 0, 0, 1333.33, 6825, 0, 0.01%
1579475691, 7, 0, 1, 0, 0, 0.01%, 0, 0, 0, 1666.67, 7325, 0, 0.01%
1579475691, 7, 0, 1, 0, 0, 0.01%, 0, 0, 0, 1026.67, 7633, 0, 0.01%
1579475691, 7, 0, 1, 0, 0, 0.01%, 0, 0, 0, 858.09, 7893, 0, 0.01%
1579475691, 8, 0, 1, 0, 0, 0.01%, 0, 0, 0, 910.00, 8166, 0, 0.01%
1579475692, 8, 0, 1, 0, 0, 0.01%, 0, 0, 0, 877.08, 8430, 0, 0.01%
1579475692, 8, 0, 1, 0, 0, 0.01%, 0, 0, 0, 859.48, 8693, 0, 0.01%
1579475692, 9, 0, 1, 0, 0, 0.01%, 0, 0, 0, 1390.00, 9110, 0, 0.01%
1579475693, 9, 0, 1, 0, 0, 0.01%, 0, 0, 0, 1382.06, 9526, 0, 0.01%
1579475693, 9, 0, 1, 0, 0, 0.01%, 0, 0, 0, 886.67, 9792, 0, 0.01%
1579475693, 10, 0, 1, 0, 0, 0.01%, 0, 0, 0, 1293.33, 10180, 0, 0.01%
1579475694, 10, 0, 1, 0, 0, 0.01%, 0, 0, 0, 1623.33, 10667, 0, 0.01%
1579475694, 11, 0, 1, 0, 0, 0.01%, 0, 0, 0, 1683.33, 11172, 0, 0.01%
1579475694, 11, 0, 1, 0, 0, 0.01%, 0, 0, 0, 1483.33, 11617, 0, 0.01%
1579475694, 12, 0, 1, 0, 0, 0.01%, 0, 0, 0, 1390.00, 12034, 0, 0.01%
1579475695, 12, 0, 1, 0, 0, 0.01%, 0, 0, 0, 1663.37, 12538, 0, 0.01%
1579475695, 12, 0, 1, 0, 0, 0.01%, 0, 0, 0, 1305.92, 12935, 0, 0.01%
1579475695, 13, 0, 1, 0, 0, 0.01%, 0, 0, 0, 1753.33, 13461, 0, 0.01%
1579475696, 13, 0, 1, 0, 0, 0.01%, 0, 0, 0, 1570.00, 13932, 0, 0.01%
1579475696, 14, 0, 1, 0, 0, 0.01%, 0, 0, 0, 1056.48, 14250, 0, 0.01%
