# unix_time, cycles_done, cur_path, paths_total, pending_total, pending_favs, map_size, unique_crashes, unique_hangs, max_depth, execs_per_sec, valid_inputs, invalid_inputs, valid_cov
1577563020, 0, 0, 1, 0, 0, 0.01%, 0, 0, 0, 0.23, 1, 0, 0.01%
1577563020, 0, 0, 1, 0, 0, 0.01%, 0, 0, 0, 62.11, 21, 0, 0.01%
1577563020, 0, 0, 1, 0, 0, 0.01%, 0, 0, 0, 82.51, 46, 0, 0.01%
1577563021, 0, 0, 1, 0, 0, 0.01%, 0, 0, 0, 79.21, 70, 0, 0.01%
1577563021, 0, 0, 1, 0, 0, 0.01%, 0, 0, 0, 104.58, 102, 0, 0.01%
1577563021, 0, 0, 1, 0, 0, 0.01%, 0, 0, 0, 84.42, 128, 0, 0.01%
1577563022, 0, 0, 1, 0, 0, 0.01%, 0, 0, 0, 130.16, 169, 0, 0.01%
1577563022, 0, 0, 1, 0, 0, 0.01%, 0, 0, 0, 236.02, 245, 0, 0.01%
1577563022, 0, 0, 1, 0, 0, 0.01%, 0, 0, 0, 269.74, 327, 0, 0.01%
1577563023, 0, 0, 1, 0, 0, 0.01%, 0, 0, 0, 270.63, 409, 0, 0.01%
1577563023, 0, 0, 1, 0, 0, 0.01%, 0, 0, 0, 300.00, 499, 0, 0.01%
1577563023, 0, 0, 1, 0, 0, 0.01%, 0, 0, 0, 306.67, 591, 0, 0.01%
1577563024, 0, 0, 1, 0, 0, 0.01%, 0, 0, 0, 335.55, 692, 0, 0.01%
1577563024, 0, 0, 1, 0, 0, 0.01%, 0, 0, 0, 328.13, 797, 0, 0.01%
1577563024, 0, 0, 1, 0, 0, 0.01%, 0, 0, 0, 324.50, 895, 0, 0.01%
1577563024, 0, 0, 1, 0, 0, 0.01%, 0, 0, 0, 355.48, 1002, 0, 0.01%
1577563025, 0, 0, 1, 0, 0, 0.01%, 0, 0, 0, 273.33, 1084, 0, 0.01%
1577563025, 0, 0, 1, 0, 0, 0.01%, 0, 0, 0, 313.48, 1184, 0, 0.01%
1577563025, 0, 0, 1, 0, 0, 0.01%, 0, 0, 0, 357.62, 1292, 0, 0.01%
1577563026, 0, 0, 1, 0, 0, 0.01%, 0, 0, 0, 360.00, 1400, 0, 0.01%
1577563026, 0, 0, 1, 0, 0, 0.01%, 0, 0, 0, 302.75, 1499, 0, 0.01%
