# unix_time, cycles_done, cur_path, paths_total, pending_total, pending_favs, map_size, unique_crashes, unique_hangs, max_depth, execs_per_sec, valid_inputs, invalid_inputs, valid_cov
1578273817, 0, 0, 1, 0, 0, 0.00%, 0, 0, 0, 0.49, 1, 0, 0.00%
1578273817, 0, 0, 1, 0, 0, 0.00%, 0, 0, 0, 209.84, 65, 0, 0.00%
1578273818, 0, 0, 1, 0, 0, 0.00%, 0, 0, 0, 289.39, 155, 0, 0.00%
1578273818, 0, 0, 1, 0, 0, 0.00%, 0, 0, 0, 304.21, 249, 0, 0.00%
1578273818, 0, 0, 1, 0, 0, 0.00%, 0, 0, 0, 441.86, 382, 0, 0.00%
1578273819, 0, 0, 1, 0, 0, 0.00%, 0, 0, 0, 910.89, 658, 0, 0.00%
1578273819, 0, 0, 1, 0, 0, 0.00%, 0, 0, 0, 899.02, 934, 0, 0.00%
1578273819, 0, 0, 1, 0, 0, 0.00%, 0, 0, 0, 1070.00, 1255, 0, 0.00%
1578273820, 0, 0, 1, 0, 0, 0.00%, 0, 0, 0, 1126.67, 1593, 0, 0.00%
1578273820, 0, 0, 1, 0, 0, 0.00%, 0, 0, 0, 1267.33, 1977, 0, 0.00%
1578273820, 0, 0, 1, 0, 0, 0.00%, 0, 0, 0, 1285.71, 2364, 0, 0.00%
1578273820, 0, 0, 1, 0, 0, 0.00%, 0, 0, 0, 2235.10, 3039, 0, 0.00%
1578273821, 0, 0, 1, 0, 0, 0.00%, 0, 0, 0, 1623.33, 3526, 0, 0.00%
1578273821, 0, 0, 1, 0, 0, 0.00%, 0, 0, 0, 1210.00, 3889, 0, 0.00%
1578273821, 0, 0, 1, 0, 0, 0.00%, 0, 0, 0, 1259.02, 4273, 0, 0.00%
1578273822, 0, 0, 1, 0, 0, 0.00%, 0, 0, 0, 2060.00, 4891, 0, 0.00%
1578273822, 0, 0, 1, 0, 0, 0.00%, 0, 0, 0, 1878.59, 5479, 0, 0.00%
1578273822, 0, 0, 1, 0, 0, 0.00%, 0, 0, 0, 1170.97, 5842, 0, 0.00%
1578273823, 0, 0, 1, 0, 0, 0.00%, 0, 0, 0, 1203.33, 6203, 0, 0.00%
1578273823, 0, 0, 1, 0, 0, 0.00%, 0, 0, 0, 1010.00, 6506, 0, 0.00%
1578273823, 0, 0, 1, 0, 0, 0.00%, 0, 0, 0, 1150.33, 6858, 0, 0.00%
1578273824, 0, 0, 1, 0, 0, 0.00%, 0, 0, 0, 1200.00, 7218, 0, 0.00%
1578273824, 0, 0, 1, 0, 0, 0.00%, 0, 0, 0, 1246.67, 7592, 0, 0.00%
1578273824, 0, 0, 1, 0, 0, 0.00%, 0, 0, 0, 1115.13, 7931, 0, 0.00%
1578273824, 0, 0, 1, 0, 0, 0.00%, 0, 0, 0, 1273.03, 8318, 0, 0.00%
1578273825, 0, 0, 1, 0, 0, 0.00%, 0, 0, 0, 1220.00, 8684, 0, 0.00%
1578273825, 0, 0, 1, 0, 0, 0.00%, 0, 0, 0, 1106.67, 9016, 0, 0.00%
1578273825, 0, 0, 1, 0, 0, 0.00%, 0, 0, 0, 1155.12, 9366, 0, 0.00%
1578273826, 0, 0, 1, 0, 0, 0.00%, 0, 0, 0, 1231.02, 9739, 0, 0.00%
1578273826, 0, 0, 1, 0, 0, 0.00%, 0, 0, 0, 1590.00, 10216, 0, 0.00%
1578273826, 0, 0, 1, 0, 0, 0.00%, 0, 0, 0, 1776.67, 10749, 0, 0.00%
1578273827, 0, 0, 1, 0, 0, 0.00%, 0, 0, 0, 1813.33, 11293, 0, 0.00%
1578273827, 0, 0, 1, 0, 0, 0.00%, 0, 0, 0, 1800.66, 11835, 0, 0.00%
1578273827, 0, 0, 1, 0, 0, 0.00%, 0, 0, 0, 2193.33, 12493, 0, 0.00%
1578273827, 0, 0, 1, 0, 0, 0.00%, 0, 0, 0, 1730.00, 13012, 0, 0.00%
1578273828, 0, 0, 1, 0, 0, 0.00%, 0, 0, 0, 963.46, 13302, 0, 0.00%
1578273828, 0, 0, 1, 0, 0, 0.00%, 0, 0, 0, 1086.67, 13628, 0, 0.00%
1578273828, 0, 0, 1, 0, 0, 0.00%, 0, 0, 0, 1300.00, 14018, 0, 0.00%
